name = "tuned_generalist"
version = 1

[default.greedy]
own_life = 3.1743860244750977
enemy_life_damage = 2.07623028755188
own_creature_attack = 0.7012145519256592
own_creature_health = 0.3248060941696167
enemy_creature_attack = -2.1931614875793457
enemy_creature_health = -1.965051531791687
creature_count = 1.5527534484863281
board_advantage = 0.0
cards_in_hand = 3.0
action_points = 0.1730203777551651
keyword_guard = 1.717908501625061
keyword_lethal = 3.201829195022583
keyword_lifesteal = 2.7432990074157715
keyword_rush = 1.0281896591186523
keyword_ranged = 1.4765732288360596
keyword_piercing = 0.6341002583503723
keyword_shield = 4.029211044311523
keyword_quick = 0.8850626349449158
keyword_ephemeral = -2.7472100257873535
keyword_regenerate = 3.326446294784546
keyword_stealth = 3.191713809967041
keyword_charge = 0.8886405825614929
keyword_frenzy = 3.4338600635528564
keyword_volatile = 4.014827728271484
keyword_fortify = 4.259349346160889
keyword_ward = 2.57440185546875
win_bonus = 1000.6099243164063
lose_penalty = -1000.2847900390625

[deck_specific]
