{
  "camera_params": [
    {
      "desc": "0",
      "pose": 0,
      "type": 0,
      "height": 1080,
      "width": 1920,
      "fps": 10,
      "intrinsics": [1181.59713, 0.0, 973.07846, 0.0, 1181.94355, 478.29941, 0.0, 0.0, 1.0],
      "extrinsics": [0.6688336811837767, 0.7376578570849501, -0.09231680667677872, -0.6628476015674838,
        -0.01689438840091345, -0.10906587873624082, -0.9938909466013114, 1.2062275285640607,
        -0.7432200794883823, 0.6663073764985129, -0.0604846548221247, -2.0687781845292808,
        0, 0, 0, 1],
      "distortion": [-0.347638, 0.091477, 0.001769, -0.000579, 0.0]
    },
    {
      "desc": "1",
      "pose": 1,
      "type": 0,
      "height": 1080,
      "width": 1920,
      "fps": 10,
      "intrinsics": [1276.3617908503, 0.0, 971.4991298867, 0.0, 1275.4367091703, 542.0322336434, 0.0, 0.0, 1.0],
      "extrinsics": [0.689657, 0.722905, -0.0422079, -2.40086,
        0.0757374, 0.014041, -0.997029, 0.854337,
        -0.720165, -0.690805, -0.0644345, 1.26308,
        0, 0, 0, 1],
      "distortion": [-0.3972978126, 0.1305887078, -0.0003846583, -0.0018471312, 0.0]
    },
    {
      "desc": "2",
      "pose": 2,
      "type": 0,
      "height": 1080,
      "width": 1920,
      "fps": 10,
      "intrinsics": [1283.7090996938, 0.0, 971.44853, 0.0, 1195.4154, 536.63079, 0.0, 0.0, 1.0],
      "extrinsics": [0.693491, -0.719787, 0.0312344, 2.17952,
        -0.0564694, 0.0110844, -0.998343, 0.736864,
        0.718248, -0.694106, -0.0483329, 0.968847,
        0, 0, 0, 1],
      "distortion": [-0.343966, 0.086772, -0.000232, 0.000942, 0.0]
    },
    {
      "desc": "3",
      "pose": 3,
      "type": 0,
      "height": 1080,
      "width": 1920,
      "fps": 10,
      "intrinsics": [1177.02701, 0.0, 953.78125, 0.0, 1180.87016, 474.61552, 0.0, 0.0, 1.0],
      "extrinsics": [0.6694198350969304, -0.7352170429028937, 0.10645648972196575, 0.7294631193686079,
        -0.08297515755057144, -0.21640287831833013, -0.9727717705016937, 1.5373477898899797,
        0.7382358753191668, 0.6423594741892319, -0.2058691290870905, -1.854355110372675,
        0, 0, 0, 1],
      "distortion": [-0.344738, 0.091109, 0.00188, 0.000939, 0.0]
    },
    {
      "desc": "6",
      "pose": 6,
      "type": 0,
      "height": 1080,
      "width": 1920,
      "fps": 10,
      "intrinsics": [1909.70896, 0.0, 951.56014, 0.0, 1910.55205, 491.50015, 0.0, 0.0, 1.0],
      "extrinsics": [-0.9999873093779803, 0.0034005841055529916, -0.0037171374374252277, 0.01667815574353592,
        0.0041128131318478, 0.12491019175666318, -0.9921595278801975, 1.4671707909941099,
        -0.002909613570587703, -0.9921622246503113, -0.12492259253559834, -0.014209521947494414,
        0, 0, 0, 1],
      "distortion": [-0.528511, 0.246463, 0.001739, 0.001598, 0.0]
    },
    {
      "desc": "7",
      "pose": 7,
      "type": 0,
      "height": 1080,
      "width": 1920,
      "fps": 10,
      "intrinsics": [1021.45698, 0.0, 927.46112, 0.0, 1023.17972, 500.76747, 0.0, 0.0, 1.0],
      "extrinsics": [0.9990462336770819, 0.03794153963839219, 0.02161162986695917, -0.24651556111442638,
        0.02249537529753709, -0.0230219542500262, -0.9994818396112721, 1.579219817982515,
        -0.03742433788139859, 0.9990147292169311, -0.02385350585890677, -1.5613402848319295,
        0.0, 0.0, 0.0, 1.0],
      "distortion": [-0.273696, 0.055446, -0.006764, 0.006389, 0.0]
    }
  ]
}
