packages/lica/lica-3.0.6-py3-none-any.whl/lica/lab/ndfilters/ND-1.0-Transmittance@1nm.ecsv
# %ECSV 1.0
# ---
# datatype:
# - {name: Wavelength, unit: nm, datatype: float64}
# - {name: Transmittance, unit: '', datatype: float64}
# delimiter: ','
# meta: !!omap
# - History: [Scaled readings wrt photodiode readings, Master ND-1.0 transmission file]
# - Processing: {name: 04_osi_nd1.0, processed: true, resolution: 1.0, tag: A, type: filter, using photodiode: PIN-10D}
# - {label: ND-1.0}
# - {title: ND-1.0 filter Measurements}
# schema: astropy-2.0
Wavelength,Transmittance
350.0,0.17826032571704176
351.0,0.17472813570497447
352.0,0.17115285940683503
353.0,0.16564506032783474
354.0,0.162949995148637
355.0,0.15939889722007236
356.0,0.15548470784260982
357.0,0.15265809815292422
358.0,0.14820021114252632
359.0,0.14635785114922215
360.0,0.14479394533422274
361.0,0.14260258165933024
362.0,0.1406893839013311
363.0,0.13873513452319516
364.0,0.13727518018833937
365.0,0.13591101690420865
366.0,0.13508985110009192
367.0,0.13441410998386863
368.0,0.13327805990258057
369.0,0.13329364152422077
370.0,0.13261682788777382
371.0,0.13170041325272921
372.0,0.13060089224900837
373.0,0.12949143221492798
374.0,0.128790559282716
375.0,0.1276977441292935
376.0,0.12674046419018567
377.0,0.12621166737038417
378.0,0.12555497571781546
379.0,0.12482697063639456
380.0,0.12418772727946974
381.0,0.12361676497018569
382.0,0.12298951839471414
383.0,0.12256205039412722
384.0,0.12219107907763112
385.0,0.12171126259248717
386.0,0.12123146356882737
387.0,0.12096908080543722
388.0,0.12053962284168628
389.0,0.12016564715175071
390.0,0.11978007416670844
391.0,0.11950996074535215
392.0,0.11919425033407956
393.0,0.11904051911418972
394.0,0.11865037670941495
395.0,0.11848249155214705
396.0,0.11830860283747786
397.0,0.11806381975483321
398.0,0.11792277375157613
399.0,0.11774731285015358
400.0,0.11760843522308348
401.0,0.11744599713531774
402.0,0.11729376412807642
403.0,0.11724525183439291
404.0,0.11705925270084883
405.0,0.11701936237182549
406.0,0.11687182297096563
407.0,0.11674570877691813
408.0,0.11670797832301573
409.0,0.11662204146067642
410.0,0.11652444969858684
411.0,0.1164094008041166
412.0,0.11626152087919375
413.0,0.11625568020072569
414.0,0.11616935563465793
415.0,0.11609781050130208
416.0,0.11608244075961639
417.0,0.11595277005927317
418.0,0.11592902419952286
419.0,0.11598944406594211
420.0,0.11590330618928338
421.0,0.1158345901250103
422.0,0.11585577845887758
423.0,0.11581220828984452
424.0,0.11584196299133921
425.0,0.11579848398962655
426.0,0.11571897046431723
427.0,0.11575654016038688
428.0,0.11569681735806432
429.0,0.11571987811025061
430.0,0.11571628420736914
431.0,0.1156414407865474
432.0,0.11561569390819076
433.0,0.11556319106586879
434.0,0.11561226866201556
435.0,0.11559729086939043
436.0,0.11551780290732752
437.0,0.11549881167185785
438.0,0.11555480281193524
439.0,0.11552020254922887
440.0,0.11553041824018313
441.0,0.1154963248850301
442.0,0.11548270567355429
443.0,0.1155553152969808
444.0,0.11550027926951696
445.0,0.11547899205660779
446.0,0.11551012785938673
447.0,0.11550710614187674
448.0,0.11555896033117065
449.0,0.11556609047933304
450.0,0.11559134348756432
451.0,0.11558875928128044
452.0,0.11564887508075684
453.0,0.115632005323647
454.0,0.11561609529208666
455.0,0.11564802224082991
456.0,0.11571014056601303
457.0,0.11575158987728976
458.0,0.11578775852361907
459.0,0.11576194788646897
460.0,0.11580439848388384
461.0,0.11584546306758929
462.0,0.11582134857088076
463.0,0.11585215239730064
464.0,0.11584385788518765
465.0,0.11588244105662988
466.0,0.11590510577692135
467.0,0.11590985874587394
468.0,0.11595000101463732
469.0,0.11602724046329622
470.0,0.11601078350180859
471.0,0.11605123901651171
472.0,0.11608746329023524
473.0,0.11607240503007107
474.0,0.1161357656478251
475.0,0.11613748502489973
476.0,0.1161933641612731
477.0,0.11621222916977324
478.0,0.1162369507304318
479.0,0.11628923725398388
480.0,0.11635852593358877
481.0,0.1163128535678232
482.0,0.11634904317202875
483.0,0.11637458309767632
484.0,0.1164412363572422
485.0,0.11647616623080406
486.0,0.11650004955821297
487.0,0.1165498005037959
488.0,0.11655258224361448
489.0,0.11659921173250277
490.0,0.11662200001080726
491.0,0.1166593270016851
492.0,0.11662730474675362
493.0,0.11664423516075513
494.0,0.11669610713585178
495.0,0.11674832663807758
496.0,0.11677650401879096
497.0,0.11679509414269723
498.0,0.11683097980458035
499.0,0.11683872898137518
500.0,0.11690242686269069
501.0,0.116951491394183
502.0,0.11693029842572232
503.0,0.11694073835039816
504.0,0.1170747026784566
505.0,0.11707175743040472
506.0,0.11704878860365053
507.0,0.11706433595113445
508.0,0.11715093468772127
509.0,0.11716890211542345
510.0,0.1171910920732506
511.0,0.11724235263656216
512.0,0.11726838471796423
513.0,0.11732779686516617
514.0,0.11730450289848535
515.0,0.11737907209687455
516.0,0.1174462096770264
517.0,0.11742376197744797
518.0,0.11743531826013098
519.0,0.11749600433605262
520.0,0.11748601373227953
521.0,0.11754681341348303
522.0,0.11758552757255947
523.0,0.11756120532362137
524.0,0.11763666766953451
525.0,0.11772873190911916
526.0,0.11772947480651107
527.0,0.11778479033785906
528.0,0.11778646128244198
529.0,0.11782148096566643
530.0,0.1178309674886705
531.0,0.11790369710579529
532.0,0.11789839338752257
533.0,0.11793436916699665
534.0,0.11799538349411329
535.0,0.11799417611823709
536.0,0.11810168027478257
537.0,0.11810500017006863
538.0,0.11810525552977917
539.0,0.11815876135558417
540.0,0.11812409558549744
541.0,0.11818230256643303
542.0,0.11818682674684118
543.0,0.11824613052325313
544.0,0.11823601013522823
545.0,0.11826943442367793
546.0,0.11833595860899557
547.0,0.11829547695113034
548.0,0.1182909754634059
549.0,0.11832546833222338
550.0,0.11835691776073307
551.0,0.11834578284297258
552.0,0.11841649192818067
553.0,0.11838779029124688
554.0,0.11842158389455332
555.0,0.11844230644090692
556.0,0.11847268167141069
557.0,0.1184800492198592
558.0,0.11852302250609646
559.0,0.11850068405622999
560.0,0.11845107269652934
561.0,0.1184603000024165
562.0,0.11846189417088733
563.0,0.11848395520802416
564.0,0.11849708636626773
565.0,0.11855151432636707
566.0,0.11858434451200944
567.0,0.11855253644855072
568.0,0.11860884960003995
569.0,0.11855343697394011
570.0,0.11862454621786257
571.0,0.1188677999843077
572.0,0.11885354848552032
573.0,0.11893202205234923
574.0,0.1189703619218934
575.0,0.11895711379846104
576.0,0.11892514734111147
577.0,0.11898405447224704
578.0,0.11905222723124063
579.0,0.11899819527532078
580.0,0.11898155170400807
581.0,0.11896461730669015
582.0,0.11897971855441812
583.0,0.11895644038736826
584.0,0.1189268672556135
585.0,0.11893917982224196
586.0,0.11890647432597987
587.0,0.11892845105975146
588.0,0.11893865063730637
589.0,0.11894107951883935
590.0,0.11892613763818122
591.0,0.1189280932272468
592.0,0.11896193901720702
593.0,0.11892793583821211
594.0,0.1188740769211991
595.0,0.11889398650718323
596.0,0.11883713166115199
597.0,0.11883400615325343
598.0,0.11880629806570556
599.0,0.11883018096380031
600.0,0.1188307293261253
601.0,0.11880437357905785
602.0,0.11883028950675815
603.0,0.11878414025984681
604.0,0.11880160413570819
605.0,0.11876495963773025
606.0,0.1187352253051948
607.0,0.11872125330047738
608.0,0.1186919133260421
609.0,0.11873248268408389
610.0,0.11868191112460175
611.0,0.11868639650268642
612.0,0.11866852164091689
613.0,0.11864335206662353
614.0,0.1186024051081473
615.0,0.1185681303739595
616.0,0.11858861757193355
617.0,0.11854782973652438
618.0,0.11857816047649744
619.0,0.11853391327881624
620.0,0.11858023643514885
621.0,0.1185284431226407
622.0,0.11850349394513146
623.0,0.11845410944326626
624.0,0.1184724385749847
625.0,0.11841800341009871
626.0,0.118405278396369
627.0,0.11840680641680933
628.0,0.11846285139158069
629.0,0.11835490406080236
630.0,0.11836013859234076
631.0,0.11833120448177706
632.0,0.1182891283306188
633.0,0.11825422042137532
634.0,0.11824522472772048
635.0,0.11815183049734503
636.0,0.11815795093248106
637.0,0.11810265193134961
638.0,0.11811958984455256
639.0,0.11802920698953484
640.0,0.11806733186238978
641.0,0.11801894783133209
642.0,0.11802872985154439
643.0,0.11799381429627619
644.0,0.11794838740229571
645.0,0.11796277839154447
646.0,0.11787052869362306
647.0,0.11785996881286959
648.0,0.11782050801851597
649.0,0.11779248662651592
650.0,0.11777407634568683
651.0,0.11777458430326501
652.0,0.11777417833378627
653.0,0.1177602764481376
654.0,0.11767431753196105
655.0,0.11766450939785693
656.0,0.11763172735513414
657.0,0.11764098579048853
658.0,0.11759426334171472
659.0,0.1175318115814756
660.0,0.11752919461729777
661.0,0.1175348983102384
662.0,0.11747938124469012
663.0,0.11736054529514044
664.0,0.11740040723827616
665.0,0.11736568244768175
666.0,0.1173322232598061
667.0,0.1172931439432747
668.0,0.1172542596179859
669.0,0.11722508045624712
670.0,0.11718733676167405
671.0,0.1172039297099602
672.0,0.11719451854990715
673.0,0.11722356581009556
674.0,0.11716574236230382
675.0,0.1171018102890034
676.0,0.11706343637779683
677.0,0.11700259595620642
678.0,0.11703696318064631
679.0,0.11694402400590774
680.0,0.11699633025828007
681.0,0.11692058947684994
682.0,0.11687131205480421
683.0,0.11685966189461576
684.0,0.11683138889639291
685.0,0.11680352169765935
686.0,0.1167611917629147
687.0,0.11679032982471477
688.0,0.11671141633015382
689.0,0.11668534908730105
690.0,0.11669931484185696
691.0,0.1166345289374783
692.0,0.11657578562798016
693.0,0.11653370916290838
694.0,0.11655025403674335
695.0,0.11651799536233329
696.0,0.11650616962583575
697.0,0.11648164898142961
698.0,0.11645163067418349
699.0,0.11643020867399524
700.0,0.1164236980059364
701.0,0.11638776844966676
702.0,0.11635462982196894
703.0,0.11636595685548665
704.0,0.11632168422703756
705.0,0.11633873458765889
706.0,0.11633567943517487
707.0,0.11628172119907688
708.0,0.11628312834819664
709.0,0.11624808214950128
710.0,0.11626581294295314
711.0,0.11617604253653215
712.0,0.1162380746271932
713.0,0.11617782800510945
714.0,0.11616174318530402
715.0,0.11612270104611118
716.0,0.11611928358285711
717.0,0.11609182698812272
718.0,0.11606364608523412
719.0,0.116045665896409
720.0,0.11598670012675062
721.0,0.11596746962860804
722.0,0.11596796961075917
723.0,0.11590440015934725
724.0,0.11587094452741913
725.0,0.1158844406420851
726.0,0.11590042798243869
727.0,0.11581552484579581
728.0,0.11583062295551472
729.0,0.11587161093049245
730.0,0.11584864675204333
731.0,0.11579319013919367
732.0,0.11576054723259845
733.0,0.1157363436514589
734.0,0.11574253891275857
735.0,0.11569384681408829
736.0,0.11568106027482992
737.0,0.11569479734742892
738.0,0.11569515548185798
739.0,0.11564040630293304
740.0,0.11563254719894009
741.0,0.11563597075041808
742.0,0.11565443381310264
743.0,0.11558047711928067
744.0,0.11556276498832317
745.0,0.1155129931249589
746.0,0.11557035834746622
747.0,0.1155275898136265
748.0,0.11553074834452243
749.0,0.11550588612861103
750.0,0.11550670290234054
751.0,0.11546706165653313
752.0,0.11550178415912536
753.0,0.11545736470422897
754.0,0.11541339729313004
755.0,0.11540761875562147
756.0,0.11539486433428167
757.0,0.11544379037212059
758.0,0.11540421462503989
759.0,0.11536715564952219
760.0,0.1153629968266498
761.0,0.11538622497653643
762.0,0.11538293905071986
763.0,0.11534239314424553
764.0,0.11541448888181893
765.0,0.11535876796041471
766.0,0.11534110212020006
767.0,0.11531646836669955
768.0,0.11534444077111605
769.0,0.11531470741594155
770.0,0.11533920048151108
771.0,0.11530543968306357
772.0,0.11527913817316197
773.0,0.11526255742263057
774.0,0.11530330644254078
775.0,0.11528108290528627
776.0,0.1152796917291213
777.0,0.11525710211207002
778.0,0.1152747441797737
779.0,0.11530565380703116
780.0,0.1152686013097745
781.0,0.11529700082183006
782.0,0.11526904377668862
783.0,0.11526261628973314
784.0,0.11529079093759251
785.0,0.11530253326092134
786.0,0.11529127523899904
787.0,0.11531978334576996
788.0,0.11533924785354216
789.0,0.11532730577138335
790.0,0.11534118295748218
791.0,0.1152826655646336
792.0,0.11531035440057011
793.0,0.11535554730089251
794.0,0.11533545211646322
795.0,0.11533487154666186
796.0,0.1153614998592074
797.0,0.11529988081375082
798.0,0.11531992549625979
799.0,0.11533680968031483
800.0,0.11536172213902024
801.0,0.11537048832343463
802.0,0.11537095121960547
803.0,0.1153835387221945
804.0,0.11538810801622451
805.0,0.11537759157704308
806.0,0.11535586937602184
807.0,0.11543527269097331
808.0,0.11534888776331721
809.0,0.11538228079949132
810.0,0.11535413114564262
811.0,0.1154099125915488
812.0,0.11543735381724934
813.0,0.11547686574407734
814.0,0.11547902171271625
815.0,0.11548569769205391
816.0,0.11546026004808924
817.0,0.11543378468895413
818.0,0.11548853709542227
819.0,0.11549471414317453
820.0,0.11554892351590738
821.0,0.11547287181433322
822.0,0.11554484817495414
823.0,0.11549857493285616
824.0,0.1155393862916368
825.0,0.11554155985314384
826.0,0.1155994205750358
827.0,0.11563123406853802
828.0,0.11557955476084301
829.0,0.11560466283744993
830.0,0.11563477071722805
831.0,0.11562463916729493
832.0,0.11566881161644928
833.0,0.11564972102818281
834.0,0.1156423355990532
835.0,0.11572883201965654
836.0,0.11574789576639055
837.0,0.11576863773860317
838.0,0.11577946900835752
839.0,0.11573035929369953
840.0,0.11575706844643564
841.0,0.11581451925834763
842.0,0.11577377130595873
843.0,0.11576783507998688
844.0,0.11580298575286717
845.0,0.11583836254056756
846.0,0.1158529312244117
847.0,0.11590090312942622
848.0,0.11590257664931167
849.0,0.11591012805308047
850.0,0.11589390926693233
851.0,0.11593205882540245
852.0,0.11592003279059511
853.0,0.11598916396785025
854.0,0.11590348349604333
855.0,0.11594471590658656
856.0,0.11591743211644338
857.0,0.11597440405679957
858.0,0.11599451843260254
859.0,0.1160345009861201
860.0,0.11602480908818516
861.0,0.11700661965949709
862.0,0.11709900490238359
863.0,0.1172057786910207
864.0,0.11722253648588632
865.0,0.11723225159543582
866.0,0.11730539247970209
867.0,0.11732973209097149
868.0,0.1173896929373311
869.0,0.11737448993039624
870.0,0.11748305523980587
871.0,0.11746475430798914
872.0,0.11747148226869815
873.0,0.11748314013815324
874.0,0.11758093865261851
875.0,0.11752562201773015
876.0,0.11754506905019804
877.0,0.11760620485674349
878.0,0.11760124215970691
879.0,0.11760802322968043
880.0,0.11759650028555406
881.0,0.11761282413444724
882.0,0.11767006703305759
883.0,0.11761787926337479
884.0,0.11766023672574583
885.0,0.11772162483577908
886.0,0.1177056044629784
887.0,0.11775129272663815
888.0,0.11772065034112347
889.0,0.11777258231244891
890.0,0.11776529348136092
891.0,0.11777731196920548
892.0,0.11775944247931337
893.0,0.11779081618847469
894.0,0.11783303836082377
895.0,0.1178122116331317
896.0,0.11778855567186426
897.0,0.11776173452224024
898.0,0.11782225892065086
899.0,0.11783886810824902
900.0,0.11790578190186464
901.0,0.11784569537964665
902.0,0.11787697749481921
903.0,0.1178676079225527
904.0,0.11787490588075623
905.0,0.11791592733031518
906.0,0.11793774844657445
907.0,0.11789091957471381
908.0,0.11792681051889675
909.0,0.1179484721171635
910.0,0.11796252347847641
911.0,0.11797842350051382
912.0,0.11802384527565783
913.0,0.11798720660331574
914.0,0.11799280206878464
915.0,0.11801163874825218
916.0,0.11805098940166696
917.0,0.11802244572841622
918.0,0.1180370244449222
919.0,0.11808129513919763
920.0,0.11806087320040301
921.0,0.11811083657575393
922.0,0.11808996094096047
923.0,0.1181062820687061
924.0,0.11811663798843941
925.0,0.11811187157793268
926.0,0.11816897276302774
927.0,0.11813226716942193
928.0,0.11820186200351818
929.0,0.11818516845091791
930.0,0.11822961069794183
931.0,0.11821208667696304
932.0,0.11817160891187385
933.0,0.11825908177033041
934.0,0.11822632948245361
935.0,0.11820409049723132
936.0,0.11823821414403583
937.0,0.11824589423500717
938.0,0.11827995249531761
939.0,0.1182864874234724
940.0,0.11835057614570328
941.0,0.11836353792008518
942.0,0.11833555563090893
943.0,0.11838263467459435
944.0,0.11839194794803615
945.0,0.11839082151131916
946.0,0.11845760227040505
947.0,0.11838870382729978
948.0,0.1184186207554707
949.0,0.11844202206975936
950.0,0.11843359525326082
951.0,0.11843441399578022
952.0,0.11845026384978537
953.0,0.11850227063933985
954.0,0.11848552627838803
955.0,0.11856265254329068
956.0,0.11855653581249444
957.0,0.11850043535073167
958.0,0.11858776120482876
959.0,0.11862153033578499
960.0,0.11860802799973089
961.0,0.1185957110988321
962.0,0.11867365232013564
963.0,0.11865042292809316
964.0,0.11870109149510455
965.0,0.11866311687372935
966.0,0.1186646053395117
967.0,0.118647796072281
968.0,0.11872224586705864
969.0,0.11875154222917413
970.0,0.11875802868239922
971.0,0.11883591883359676
972.0,0.1187960550980669
973.0,0.11880537107157603
974.0,0.11885861230557843
975.0,0.11885286514966584
976.0,0.11881882438258154
977.0,0.11887222464806044
978.0,0.11891171534340503
979.0,0.1189011457505616
980.0,0.11891058964361198
981.0,0.11893533592219674
982.0,0.11893648779877547
983.0,0.11898387831266215
984.0,0.11900609733277918
985.0,0.11908303843861477
986.0,0.11900959845587147
987.0,0.11907173032698554
988.0,0.11901813916377971
989.0,0.11902626159377046
990.0,0.11907310083393068
991.0,0.11903878154201908
992.0,0.11910666929011945
993.0,0.11908028205500185
994.0,0.11910477629972481
995.0,0.11911773417363576
996.0,0.11913029872461241
997.0,0.11916898863459985
998.0,0.11916389936661617
999.0,0.11926654207461698
1000.0,0.11927984843388797
1001.0,0.11926460175781996
1002.0,0.11928628587767749
1003.0,0.11930156306407612
1004.0,0.11938994177438927
1005.0,0.11931820215828333
1006.0,0.11936084851158045
1007.0,0.11936680234235736
1008.0,0.11941249815893797
1009.0,0.1194327131589084
1010.0,0.11945108500928697
1011.0,0.11949036566542794
1012.0,0.11953199002692644
1013.0,0.11949656359231163
1014.0,0.1195527880479076
1015.0,0.11963975170543892
1016.0,0.11959908257402642
1017.0,0.11968394096039602
1018.0,0.11974859514808525
1019.0,0.11973251928800055
1020.0,0.11983724303156051
1021.0,0.11987606363886488
1022.0,0.11984636173986749
1023.0,0.11984625955747091
1024.0,0.11995968703124332
1025.0,0.11996215478059964
1026.0,0.12001595339577226
1027.0,0.12008168036046318
1028.0,0.12010670385625792
1029.0,0.12011562983911162
1030.0,0.12013337962113288
1031.0,0.12018228191007632
1032.0,0.12023015801235744
1033.0,0.12031186952022355
1034.0,0.12025576152813305
1035.0,0.12030889237474802
1036.0,0.12040040027155373
1037.0,0.1204945814262879
1038.0,0.12048439328957926
1039.0,0.12059501967372563
1040.0,0.12063167771596407
1041.0,0.12066622949013188
1042.0,0.12074218497939668
1043.0,0.12082814234897772
1044.0,0.12082313153327344
1045.0,0.12097708846287412
1046.0,0.12105269358787071
1047.0,0.12115627893846241
1048.0,0.12124558912103067
1049.0,0.12133730628517835
