packages/lica/lica-3.0.5-py3-none-any.whl/lica/lab/ndfilters/ND-0.5-Transmittance@1nm.ecsv
# %ECSV 1.0
# ---
# datatype:
# - {name: Wavelength, unit: nm, datatype: float64}
# - {name: Transmittance, unit: '', datatype: float64}
# delimiter: ','
# meta: !!omap
# - History: [Scaled readings wrt photodiode readings, Master ND-0.5 transmission file]
# - Processing: {name: 02_osi_nd0.5, processed: true, resolution: 1.0, tag: A, type: filter, using photodiode: PIN-10D}
# - {label: ND-0.5}
# - {title: ND-0.5 filter Measurements}
# schema: astropy-2.0
Wavelength,Transmittance
350.0,0.37601137053061523
351.0,0.37102710394176963
352.0,0.3644254029945873
353.0,0.3631229320230063
354.0,0.35913403775486247
355.0,0.3566363200580063
356.0,0.3539678808445852
357.0,0.35255353025723674
358.0,0.3535305534611469
359.0,0.35177442160404915
360.0,0.3502833703765979
361.0,0.34899131112918064
362.0,0.3473703826820989
363.0,0.34643450276918986
364.0,0.3453952242099457
365.0,0.34480564092674565
366.0,0.3429950272469771
367.0,0.3423792870393613
368.0,0.34217173822655167
369.0,0.3404903226074613
370.0,0.33991865443274094
371.0,0.33925095045686465
372.0,0.33769531137125874
373.0,0.337341852984813
374.0,0.33631038370354843
375.0,0.3357292130778192
376.0,0.33505648439093916
377.0,0.3344764513224103
378.0,0.33404392305797576
379.0,0.3330598599856825
380.0,0.33311607992660586
381.0,0.3329068913723816
382.0,0.3328045669583369
383.0,0.3325736164894537
384.0,0.3319347200853884
385.0,0.33149761785423854
386.0,0.3315368325546908
387.0,0.33142561771260476
388.0,0.3314172908391215
389.0,0.33104873687112374
390.0,0.33080014420695525
391.0,0.330634741818252
392.0,0.3306912785985484
393.0,0.3306496402806563
394.0,0.33066342051175646
395.0,0.3307461473836601
396.0,0.33052806920340444
397.0,0.330277082554575
398.0,0.33019173261526563
399.0,0.32999571074131034
400.0,0.3297852029130523
401.0,0.32960184311516477
402.0,0.32956358131830293
403.0,0.32947759286351636
404.0,0.32959423889353073
405.0,0.329329488484584
406.0,0.3292139971527742
407.0,0.3293995453557237
408.0,0.32932378227055037
409.0,0.32923865454351653
410.0,0.32915486927235366
411.0,0.3288517690646257
412.0,0.32883624728262034
413.0,0.3287659829553584
414.0,0.3286400567053969
415.0,0.3285300813815798
416.0,0.32858260595979877
417.0,0.3285612717403977
418.0,0.32843131302097966
419.0,0.3284265195247809
420.0,0.32876387864120654
421.0,0.32871829077159503
422.0,0.32888376385155055
423.0,0.3286538695947184
424.0,0.32857528664824964
425.0,0.3287620783991373
426.0,0.3288847514721624
427.0,0.3288605738083367
428.0,0.3289750634692274
429.0,0.328980411593851
430.0,0.32901353617755974
431.0,0.3289482896690505
432.0,0.3288373352391161
433.0,0.3289337783056311
434.0,0.3291668836415111
435.0,0.32926640254930206
436.0,0.3293900307569094
437.0,0.32931503588498046
438.0,0.3294170527575268
439.0,0.32960535641148925
440.0,0.3295500323534849
441.0,0.32957279685623214
442.0,0.32951228613596195
443.0,0.32943695343567714
444.0,0.3295836124107056
445.0,0.3294164435017537
446.0,0.3295961535661216
447.0,0.3296920251533501
448.0,0.3295754407160992
449.0,0.3297005083270657
450.0,0.32986334088571184
451.0,0.329961289823948
452.0,0.3299045976472007
453.0,0.3299932123656584
454.0,0.3300239008429218
455.0,0.3300536649890565
456.0,0.33030264871971304
457.0,0.33023715468933623
458.0,0.33027721793322923
459.0,0.330443570706692
460.0,0.3303448426506
461.0,0.330572700264964
462.0,0.3304732648989993
463.0,0.33051022715645056
464.0,0.3306276261664185
465.0,0.3308352950237949
466.0,0.33071602045788046
467.0,0.33091240998767385
468.0,0.33087462004720086
469.0,0.3310450519811029
470.0,0.3311405941358376
471.0,0.33115907179926296
472.0,0.3312333156096239
473.0,0.3313339848689757
474.0,0.33131814748665245
475.0,0.33147029542115986
476.0,0.3315206059926482
477.0,0.33175727513771736
478.0,0.33176857441427793
479.0,0.3319194998543434
480.0,0.33193857294663787
481.0,0.3320389156941221
482.0,0.3320528874318236
483.0,0.33221853351466607
484.0,0.3323395297768458
485.0,0.33243432553113733
486.0,0.3325427649307361
487.0,0.33258741779361234
488.0,0.33278700058774985
489.0,0.33286294126352073
490.0,0.33301084339229736
491.0,0.3331348572554031
492.0,0.3330352720791461
493.0,0.3331959410536388
494.0,0.33334204163092357
495.0,0.3334741185005423
496.0,0.3336457082633428
497.0,0.3335564129965866
498.0,0.33372476550295815
499.0,0.3338540537964167
500.0,0.33400346027992994
501.0,0.33408438159552806
502.0,0.33417022049279527
503.0,0.33439014148614615
504.0,0.33440397858709486
505.0,0.3344149087017776
506.0,0.33457512616736335
507.0,0.33456664107910644
508.0,0.33456091765620954
509.0,0.3348596550208333
510.0,0.3350162473910505
511.0,0.3350306552919945
512.0,0.3351384639576088
513.0,0.3352916315518044
514.0,0.3353458643984639
515.0,0.3356217578955875
516.0,0.3358270566758796
517.0,0.3358960667879037
518.0,0.3361192187146
519.0,0.33616870169456986
520.0,0.336281418724931
521.0,0.33630142673725205
522.0,0.33641870185475237
523.0,0.3365570014669278
524.0,0.3367508450972812
525.0,0.3369018800670076
526.0,0.33700641648967883
527.0,0.3370393605105506
528.0,0.33719220928100335
529.0,0.33748794745571664
530.0,0.33750908789609346
531.0,0.3377017315383415
532.0,0.33786265418061673
533.0,0.33803594763316636
534.0,0.33814602709463804
535.0,0.3381850373195834
536.0,0.33828419852382796
537.0,0.33862361438204464
538.0,0.3387742656146522
539.0,0.33874928838157914
540.0,0.33890526273084776
541.0,0.33911988818809724
542.0,0.33913633507431956
543.0,0.33934472504050184
544.0,0.3394318545180725
545.0,0.3394803196992254
546.0,0.33964444170483604
547.0,0.3397499618482478
548.0,0.3399189036622155
549.0,0.3401155477185851
550.0,0.34013230517439363
551.0,0.3403896902808212
552.0,0.3404350464769889
553.0,0.34069906199786265
554.0,0.3408661501966667
555.0,0.34079311985614713
556.0,0.34094561340451524
557.0,0.34094402548368485
558.0,0.34110856471268586
559.0,0.3413325655619922
560.0,0.3412252061625658
561.0,0.3415381361464606
562.0,0.3417414004340223
563.0,0.34176482730939695
564.0,0.3418865268428164
565.0,0.3418138105554816
566.0,0.3420579959253154
567.0,0.3422068500209581
568.0,0.34226791864045214
569.0,0.34235796990614814
570.0,0.34249111010750616
571.0,0.3404492558765645
572.0,0.3410799735031456
573.0,0.34148157525476946
574.0,0.34186795846504076
575.0,0.3423328049167848
576.0,0.34268690204269375
577.0,0.3430938013874023
578.0,0.3434243326908112
579.0,0.34375515419228364
580.0,0.343899895861228
581.0,0.34431536065290336
582.0,0.3443743416685391
583.0,0.34464509117391245
584.0,0.3447389662880474
585.0,0.3450542786632825
586.0,0.34505487495126824
587.0,0.3453451488835122
588.0,0.3455464390486825
589.0,0.3455860220990152
590.0,0.3458345654714132
591.0,0.3459227593625691
592.0,0.34602375864447843
593.0,0.3464147693321245
594.0,0.34631838529781106
595.0,0.34650203027370036
596.0,0.34670681278953364
597.0,0.34673851264100575
598.0,0.34679104243218695
599.0,0.3469726089543329
600.0,0.34728464245976876
601.0,0.3473402642118166
602.0,0.34743959475152125
603.0,0.34762542009128955
604.0,0.34764128715787096
605.0,0.34773280933221234
606.0,0.34777906141131815
607.0,0.3480522741569968
608.0,0.3479622323784846
609.0,0.3481774067665854
610.0,0.3483806545643078
611.0,0.3485870604862842
612.0,0.34866557940411974
613.0,0.34886907313271187
614.0,0.3489096653205872
615.0,0.34912817836477544
616.0,0.3493423971206945
617.0,0.34940346695060687
618.0,0.3494146598086589
619.0,0.34956973992533297
620.0,0.34984597823717634
621.0,0.3498783424148623
622.0,0.3498741615920893
623.0,0.3499191503461122
624.0,0.3500694166613423
625.0,0.35017708172539264
626.0,0.35041050725486056
627.0,0.3504753854630242
628.0,0.35072472078796046
629.0,0.35083486851227724
630.0,0.3509516558059508
631.0,0.3510804692207426
632.0,0.35110950426824483
633.0,0.3512610916648475
634.0,0.35130331685354144
635.0,0.3513953974603599
636.0,0.35140943057139995
637.0,0.351565816967847
638.0,0.35166393604150487
639.0,0.35175917766224013
640.0,0.35185979912446025
641.0,0.35218072555657376
642.0,0.35216459025194197
643.0,0.35229751676122095
644.0,0.3525667190528961
645.0,0.3527021297803768
646.0,0.3527225022323164
647.0,0.35276113765076483
648.0,0.35291632659119004
649.0,0.3530165808165029
650.0,0.35306852899650853
651.0,0.35320289176843067
652.0,0.3532468059202843
653.0,0.3533816209207432
654.0,0.3533798117092284
655.0,0.3534369002315812
656.0,0.35348172827790686
657.0,0.35389306896363404
658.0,0.3538192284314256
659.0,0.3541019203598356
660.0,0.35413362985319846
661.0,0.35443374650897996
662.0,0.35452951424605145
663.0,0.3546887425811662
664.0,0.35480035055801434
665.0,0.35501007193887596
666.0,0.3550502459908669
667.0,0.35512476246941826
668.0,0.3551944035380114
669.0,0.355405318988168
670.0,0.3553903547180895
671.0,0.35547803011202145
672.0,0.3557101010390692
673.0,0.3558687283193958
674.0,0.35586664031326176
675.0,0.3560773557247882
676.0,0.35619642870136314
677.0,0.35625127056064565
678.0,0.35633463862054215
679.0,0.35644685391843267
680.0,0.3565965296889304
681.0,0.35672575742832124
682.0,0.35671875111094553
683.0,0.35689800801604954
684.0,0.3570111694473543
685.0,0.35709920164482156
686.0,0.3572763761897608
687.0,0.35743941832489423
688.0,0.3575758016012654
689.0,0.35745687704182305
690.0,0.3574913417632703
691.0,0.3577759274241663
692.0,0.357799743907072
693.0,0.3579643784151297
694.0,0.3578884429384296
695.0,0.3581536529680747
696.0,0.358186654952384
697.0,0.35824899331018073
698.0,0.3583787554371602
699.0,0.3586951925965619
700.0,0.35869328882047996
701.0,0.35877532261368145
702.0,0.35877814491191007
703.0,0.35892350321887007
704.0,0.35899445427965027
705.0,0.35913738512249144
706.0,0.35922884212312733
707.0,0.35929953399196546
708.0,0.35940831020555825
709.0,0.35956300573624594
710.0,0.3595781575075234
711.0,0.35980992820896834
712.0,0.3598314971343991
713.0,0.3598668598959326
714.0,0.3600510340705155
715.0,0.36010071181932946
716.0,0.3603331986287931
717.0,0.36038825761216353
718.0,0.360521307001492
719.0,0.36060447405908985
720.0,0.36077534217864904
721.0,0.3607431390138453
722.0,0.3608925736040089
723.0,0.361075343232672
724.0,0.36104260897470053
725.0,0.36124117885900175
726.0,0.36142756038382584
727.0,0.36143217153167184
728.0,0.361487697308986
729.0,0.3616486910942497
730.0,0.36175492454496894
731.0,0.36177660423845
732.0,0.3618972800195093
733.0,0.3619756029889789
734.0,0.36209473144423376
735.0,0.36222797022059616
736.0,0.3623680049478249
737.0,0.3624623630499931
738.0,0.3626662918371886
739.0,0.3627697527143364
740.0,0.3627948386887977
741.0,0.3628914914896015
742.0,0.36303793228417763
743.0,0.3630446837005537
744.0,0.36320994444886906
745.0,0.363308672551948
746.0,0.3633793624691176
747.0,0.3635408724213931
748.0,0.363843769061329
749.0,0.36391615775747366
750.0,0.3639938999283477
751.0,0.36407454272928286
752.0,0.36422005868049784
753.0,0.36431264545620345
754.0,0.3643839268070082
755.0,0.36438737884877603
756.0,0.3646224462472678
757.0,0.36464449579828484
758.0,0.3648123240638962
759.0,0.3649248099195702
760.0,0.36488001786749974
761.0,0.3649643086336745
762.0,0.3653134681145835
763.0,0.3654333119329428
764.0,0.3653697424155335
765.0,0.3656269457730733
766.0,0.3657312947634406
767.0,0.36572378926854626
768.0,0.3657504657391625
769.0,0.36575639418222505
770.0,0.36591439300164613
771.0,0.3660072787099749
772.0,0.366085473953065
773.0,0.36613867295382435
774.0,0.3662884545911206
775.0,0.366448789773763
776.0,0.3664537613545612
777.0,0.3665108356629302
778.0,0.3666908199668033
779.0,0.36688287504812456
780.0,0.36682448848075083
781.0,0.36696617564706907
782.0,0.36715213494992976
783.0,0.3671907376846868
784.0,0.36717178911049897
785.0,0.3672759127686266
786.0,0.3675040179014297
787.0,0.36771274871551957
788.0,0.3676029773341412
789.0,0.36777846187565066
790.0,0.3678143974339932
791.0,0.3678491751687502
792.0,0.367978252397864
793.0,0.3680311339247511
794.0,0.36818586904587636
795.0,0.36825567086065236
796.0,0.3683483369588937
797.0,0.36855617493402104
798.0,0.3686479661350429
799.0,0.3687243052045812
800.0,0.3688365144393712
801.0,0.368855886685405
802.0,0.36910688649378764
803.0,0.3691296366126327
804.0,0.36929493984949174
805.0,0.3693123522424469
806.0,0.3694939029372873
807.0,0.3695971271269476
808.0,0.3696056828068122
809.0,0.3696538399248749
810.0,0.369944769410188
811.0,0.36995717763123703
812.0,0.3700244709827273
813.0,0.3701115168687184
814.0,0.3701645691191886
815.0,0.37025577526234854
816.0,0.3702974668817408
817.0,0.37044420530008687
818.0,0.3706315519764472
819.0,0.3706114646128547
820.0,0.3706548535283367
821.0,0.3708871907455679
822.0,0.3709366058270549
823.0,0.37101235965915114
824.0,0.3711215322647989
825.0,0.371285368611141
826.0,0.371254429580625
827.0,0.37137439626761015
828.0,0.3714286364889944
829.0,0.3716015295395685
830.0,0.3717838495569154
831.0,0.3717917705208436
832.0,0.3719847849910944
833.0,0.371942238161449
834.0,0.3721069658103281
835.0,0.3722029197675991
836.0,0.3723001680219106
837.0,0.37212329501999164
838.0,0.372258929850692
839.0,0.3724916684755277
840.0,0.3723865088043095
841.0,0.3725336474844681
842.0,0.3727748857319728
843.0,0.37292734827788604
844.0,0.3729621476975613
845.0,0.3729516177473307
846.0,0.3731174148810272
847.0,0.37341222546693464
848.0,0.3732171707569035
849.0,0.37349794441664147
850.0,0.3735733500886603
851.0,0.37363122074491
852.0,0.37381362901680915
853.0,0.37375957109509145
854.0,0.37393385089934583
855.0,0.37405264046886666
856.0,0.37411967989017225
857.0,0.37418195594610076
858.0,0.37419627000416644
859.0,0.3742151221309907
860.0,0.3744264802998105
861.0,0.37544200635249064
862.0,0.3757137783367453
863.0,0.3757978336468145
864.0,0.3760736018751371
865.0,0.3763648361883153
866.0,0.3764668281804847
867.0,0.3765312783311305
868.0,0.3768184742127117
869.0,0.37710416047103623
870.0,0.37700230046394373
871.0,0.377220224208702
872.0,0.3774274904603393
873.0,0.37750462348256164
874.0,0.37768958937804553
875.0,0.37774138816315833
876.0,0.377771438594856
877.0,0.37798113549926854
878.0,0.3781315323981206
879.0,0.37804724383806154
880.0,0.3781808961366826
881.0,0.3782851205195759
882.0,0.37831145859357135
883.0,0.3785961625925649
884.0,0.37863988104792673
885.0,0.3787281766513976
886.0,0.3788044073504405
887.0,0.37891781469102753
888.0,0.3790232101645684
889.0,0.379007989318663
890.0,0.3793403429987359
891.0,0.3793274138734257
892.0,0.3793019996682855
893.0,0.37947569466606723
894.0,0.3794047686079971
895.0,0.37948321997473666
896.0,0.37980868073867796
897.0,0.3799356274519473
898.0,0.38001318867796496
899.0,0.3799807385466848
900.0,0.3801473606643113
901.0,0.38024707486317616
902.0,0.3802358006079656
903.0,0.3803106471907193
904.0,0.3804500571880306
905.0,0.38045401641093285
906.0,0.38058950521055235
907.0,0.38069044418862796
908.0,0.380858483678953
909.0,0.38087149645635776
910.0,0.3810588663949325
911.0,0.381203626272066
912.0,0.381249427003944
913.0,0.3814232478746254
914.0,0.3812973993606714
915.0,0.38162265455391864
916.0,0.38171028577150484
917.0,0.38163791509592443
918.0,0.3817959899661572
919.0,0.38194076083773626
920.0,0.3819756750195667
921.0,0.3822393959853951
922.0,0.38220375829062214
923.0,0.38222839097145644
924.0,0.3823651717880586
925.0,0.38247545459368665
926.0,0.38271777636062737
927.0,0.38258437088377345
928.0,0.38278998743300263
929.0,0.3828141493294083
930.0,0.3829060237763274
931.0,0.38316254053241483
932.0,0.3830175989853741
933.0,0.38301282969514944
934.0,0.38323667904259173
935.0,0.3833015506386815
936.0,0.3833164215223343
937.0,0.38345344357147926
938.0,0.38345305576992134
939.0,0.3836179114263844
940.0,0.38361635506584557
941.0,0.3837490281004666
942.0,0.38367007919486323
943.0,0.38399514521075645
944.0,0.3840078584110345
945.0,0.3841923787914021
946.0,0.384201073418467
947.0,0.3842657551691372
948.0,0.38448551587831414
949.0,0.38459514260949684
950.0,0.3847611730978165
951.0,0.3847628628936423
952.0,0.38496215678775286
953.0,0.384993099373753
954.0,0.38509531967978905
955.0,0.38538302251415624
956.0,0.38559084980081376
957.0,0.3856229846377613
958.0,0.38571920884085115
959.0,0.3857891228318958
960.0,0.38587034947120735
961.0,0.38604622517137704
962.0,0.3858620704871381
963.0,0.38600208595498375
964.0,0.3860994412215071
965.0,0.3861619309780799
966.0,0.38627941593253085
967.0,0.3862599146064682
968.0,0.38636485945589694
969.0,0.38633696520011285
970.0,0.3866340597126351
971.0,0.38681288756166643
972.0,0.38669356029804447
973.0,0.3868703766914161
974.0,0.38693515198335343
975.0,0.3869367136783244
976.0,0.38715080619133213
977.0,0.387210700104537
978.0,0.38740064203383445
979.0,0.38749910892232314
980.0,0.38754706104461745
981.0,0.3877742743353011
982.0,0.38796371424810977
983.0,0.38785741739106105
984.0,0.3879603808611192
985.0,0.38803564483122954
986.0,0.3881939810437664
987.0,0.3883190407370814
988.0,0.3882322733015593
989.0,0.38823479834116115
990.0,0.3884716426203635
991.0,0.3884977162044462
992.0,0.3886691087016568
993.0,0.3888176174720118
994.0,0.3889441803709308
995.0,0.38921927465317097
996.0,0.3891638389561917
997.0,0.3893487944362297
998.0,0.38936665848155644
999.0,0.3896365328167721
1000.0,0.3896080171987172
1001.0,0.3898674472678619
1002.0,0.38990398163689216
1003.0,0.39001137440844647
1004.0,0.39018579949511467
1005.0,0.39022304540683045
1006.0,0.39043330375065227
1007.0,0.3905883633292655
1008.0,0.3905745220386353
1009.0,0.39055421161412734
1010.0,0.3905904888414021
1011.0,0.39100607604094084
1012.0,0.3910385910863584
1013.0,0.3911604899627336
1014.0,0.39127777361068766
1015.0,0.3914165578559087
1016.0,0.3914290971358963
1017.0,0.39153481705277166
1018.0,0.39154742091237243
1019.0,0.39163098423764936
1020.0,0.3918751436183336
1021.0,0.39180713408495205
1022.0,0.3922172109782303
1023.0,0.3922148326992676
1024.0,0.39248840611337105
1025.0,0.39231797407441615
1026.0,0.39247955144877383
1027.0,0.3926060157495875
1028.0,0.3928906893206885
1029.0,0.3927675851790257
1030.0,0.3931207217605748
1031.0,0.3931035219715249
1032.0,0.39352262074536903
1033.0,0.393699028377762
1034.0,0.3937792365102962
1035.0,0.39408983925061986
1036.0,0.3941303605132446
1037.0,0.39396894599597265
1038.0,0.39436715195037897
1039.0,0.39455458528535053
1040.0,0.39470358251848
1041.0,0.39491948871520993
1042.0,0.39482855069910455
1043.0,0.3950712431344035
1044.0,0.39532298248695963
1045.0,0.3953661105326539
1046.0,0.39550745709946306
1047.0,0.39588090387000274
1048.0,0.3960323096062691
1049.0,0.3962913503119115
