packages/lica/lica-3.0.5-py3-none-any.whl/lica/lab/ndfilters/ND-0.5-Transmittance-dup@1nm.ecsv
# %ECSV 1.0
# ---
# datatype:
# - {name: Wavelength, unit: nm, datatype: float64}
# - {name: Transmittance, unit: '', datatype: float64}
# delimiter: ','
# meta: !!omap
# - History: [Scaled readings wrt photodiode readings, Master ND-0.5 transmission file, Test file]
# - Processing: {name: osi_nd0.5, processed: true, resolution: 5.0, tag: DF, type: filter, using photodiode: PIN-10D}
# - {label: ND-0.5}
# schema: astropy-2.0
Wavelength,Transmittance
350,0.37773137226258896
351,0.37773137226258896
352,0.37773137226258896
353,0.37773137226258896
354,0.37773137226258896
355,0.3603814732788282
356,0.3603814732788282
357,0.3603814732788282
358,0.3603814732788282
359,0.3603814732788282
360,0.35097014633934986
361,0.35097014633934986
362,0.35097014633934986
363,0.35097014633934986
364,0.35097014633934986
365,0.3453848047763298
366,0.3453848047763298
367,0.3453848047763298
368,0.3453848047763298
369,0.3453848047763298
370,0.34085841606653594
371,0.34085841606653594
372,0.34085841606653594
373,0.34085841606653594
374,0.34085841606653594
375,0.337109993267533
376,0.337109993267533
377,0.337109993267533
378,0.337109993267533
379,0.337109993267533
380,0.3347342482175726
381,0.3347342482175726
382,0.3347342482175726
383,0.3347342482175726
384,0.3347342482175726
385,0.3334924326879863
386,0.3334924326879863
387,0.3334924326879863
388,0.3334924326879863
389,0.3334924326879863
390,0.33261648346659983
391,0.33261648346659983
392,0.33261648346659983
393,0.33261648346659983
394,0.33261648346659983
395,0.33200434864543155
396,0.33200434864543155
397,0.33200434864543155
398,0.33200434864543155
399,0.33200434864543155
400,0.3315800274500133
401,0.3315800274500133
402,0.3315800274500133
403,0.3315800274500133
404,0.3315800274500133
405,0.3313088044508409
406,0.3313088044508409
407,0.3313088044508409
408,0.3313088044508409
409,0.3313088044508409
410,0.3308291522996473
411,0.3308291522996473
412,0.3308291522996473
413,0.3308291522996473
414,0.3308291522996473
415,0.3303264273547228
416,0.3303264273547228
417,0.3303264273547228
418,0.3303264273547228
419,0.3303264273547228
420,0.3299008847256583
421,0.3299008847256583
422,0.3299008847256583
423,0.3299008847256583
424,0.3299008847256583
425,0.33012765453622295
426,0.33012765453622295
427,0.33012765453622295
428,0.33012765453622295
429,0.33012765453622295
430,0.3300559028172129
431,0.3300559028172129
432,0.3300559028172129
433,0.3300559028172129
434,0.3300559028172129
435,0.33010322890192806
436,0.33010322890192806
437,0.33010322890192806
438,0.33010322890192806
439,0.33010322890192806
440,0.3301411780028255
441,0.3301411780028255
442,0.3301411780028255
443,0.3301411780028255
444,0.3301411780028255
445,0.3303504568701345
446,0.3303504568701345
447,0.3303504568701345
448,0.3303504568701345
449,0.3303504568701345
450,0.3304476867384274
451,0.3304476867384274
452,0.3304476867384274
453,0.3304476867384274
454,0.3304476867384274
455,0.33068329211680025
456,0.33068329211680025
457,0.33068329211680025
458,0.33068329211680025
459,0.33068329211680025
460,0.33090732528936223
461,0.33090732528936223
462,0.33090732528936223
463,0.33090732528936223
464,0.33090732528936223
465,0.3311208593763305
466,0.3311208593763305
467,0.3311208593763305
468,0.3311208593763305
469,0.3311208593763305
470,0.33133096776251303
471,0.33133096776251303
472,0.33133096776251303
473,0.33133096776251303
474,0.33133096776251303
475,0.3318320720107074
476,0.3318320720107074
477,0.3318320720107074
478,0.3318320720107074
479,0.3318320720107074
480,0.33204867816269235
481,0.33204867816269235
482,0.33204867816269235
483,0.33204867816269235
484,0.33204867816269235
485,0.3323845644460559
486,0.3323845644460559
487,0.3323845644460559
488,0.3323845644460559
489,0.3323845644460559
490,0.3327878212595747
491,0.3327878212595747
492,0.3327878212595747
493,0.3327878212595747
494,0.3327878212595747
495,0.33322830823894817
496,0.33322830823894817
497,0.33322830823894817
498,0.33322830823894817
499,0.33322830823894817
500,0.3337325039375062
501,0.3337325039375062
502,0.3337325039375062
503,0.3337325039375062
504,0.3337325039375062
505,0.3342289478899193
506,0.3342289478899193
507,0.3342289478899193
508,0.3342289478899193
509,0.3342289478899193
510,0.3347019746713865
511,0.3347019746713865
512,0.3347019746713865
513,0.3347019746713865
514,0.3347019746713865
515,0.3353313164532442
516,0.3353313164532442
517,0.3353313164532442
518,0.3353313164532442
519,0.3353313164532442
520,0.33591120183014533
521,0.33591120183014533
522,0.33591120183014533
523,0.33591120183014533
524,0.33591120183014533
525,0.33631803912361863
526,0.33631803912361863
527,0.33631803912361863
528,0.33631803912361863
529,0.33631803912361863
530,0.3370536629450755
531,0.3370536629450755
532,0.3370536629450755
533,0.3370536629450755
534,0.3370536629450755
535,0.33764474767906855
536,0.33764474767906855
537,0.33764474767906855
538,0.33764474767906855
539,0.33764474767906855
540,0.3383989156760442
541,0.3383989156760442
542,0.3383989156760442
543,0.3383989156760442
544,0.3383989156760442
545,0.33876154034050066
546,0.33876154034050066
547,0.33876154034050066
548,0.33876154034050066
549,0.33876154034050066
550,0.33958066882286747
551,0.33958066882286747
552,0.33958066882286747
553,0.33958066882286747
554,0.33958066882286747
555,0.34020973978870606
556,0.34020973978870606
557,0.34020973978870606
558,0.34020973978870606
559,0.34020973978870606
560,0.3410048453201156
561,0.3410048453201156
562,0.3410048453201156
563,0.3410048453201156
564,0.3410048453201156
565,0.3416882800901346
566,0.3416882800901346
567,0.3416882800901346
568,0.3416882800901346
569,0.3416882800901346
570,0.34230820747671986
571,0.34230820747671986
572,0.34230820747671986
573,0.34230820747671986
574,0.34230820747671986
575,0.34286423953621614
576,0.34286423953621614
577,0.34286423953621614
578,0.34286423953621614
579,0.34286423953621614
580,0.3438667360561234
581,0.3438667360561234
582,0.3438667360561234
583,0.3438667360561234
584,0.3438667360561234
585,0.3444166376582367
586,0.3444166376582367
587,0.3444166376582367
588,0.3444166376582367
589,0.3444166376582367
590,0.3451007413936599
591,0.3451007413936599
592,0.3451007413936599
593,0.3451007413936599
594,0.3451007413936599
595,0.3459310745766466
596,0.3459310745766466
597,0.3459310745766466
598,0.3459310745766466
599,0.3459310745766466
600,0.34643266043653026
601,0.34643266043653026
602,0.34643266043653026
603,0.34643266043653026
604,0.34643266043653026
605,0.3471677302955897
606,0.3471677302955897
607,0.3471677302955897
608,0.3471677302955897
609,0.3471677302955897
610,0.3478017711837755
611,0.3478017711837755
612,0.3478017711837755
613,0.3478017711837755
614,0.3478017711837755
615,0.34832721199729055
616,0.34832721199729055
617,0.34832721199729055
618,0.34832721199729055
619,0.34832721199729055
620,0.3489868411124748
621,0.3489868411124748
622,0.3489868411124748
623,0.3489868411124748
624,0.3489868411124748
625,0.34947334506252986
626,0.34947334506252986
627,0.34947334506252986
628,0.34947334506252986
629,0.34947334506252986
630,0.350052287533264
631,0.350052287533264
632,0.350052287533264
633,0.350052287533264
634,0.350052287533264
635,0.3505992075469402
636,0.3505992075469402
637,0.3505992075469402
638,0.3505992075469402
639,0.3505992075469402
640,0.35120267290097285
641,0.35120267290097285
642,0.35120267290097285
643,0.35120267290097285
644,0.35120267290097285
645,0.3517151411130887
646,0.3517151411130887
647,0.3517151411130887
648,0.3517151411130887
649,0.3517151411130887
650,0.3521468777761963
651,0.3521468777761963
652,0.3521468777761963
653,0.3521468777761963
654,0.3521468777761963
655,0.3526954288107067
656,0.3526954288107067
657,0.3526954288107067
658,0.3526954288107067
659,0.3526954288107067
660,0.3532200710949335
661,0.3532200710949335
662,0.3532200710949335
663,0.3532200710949335
664,0.3532200710949335
665,0.35393049756464207
666,0.35393049756464207
667,0.35393049756464207
668,0.35393049756464207
669,0.35393049756464207
670,0.35429177616039764
671,0.35429177616039764
672,0.35429177616039764
673,0.35429177616039764
674,0.35429177616039764
675,0.3549963791690212
676,0.3549963791690212
677,0.3549963791690212
678,0.3549963791690212
679,0.3549963791690212
680,0.3554829873836754
681,0.3554829873836754
682,0.3554829873836754
683,0.3554829873836754
684,0.3554829873836754
685,0.35597648451678005
686,0.35597648451678005
687,0.35597648451678005
688,0.35597648451678005
689,0.35597648451678005
690,0.35662393171967033
691,0.35662393171967033
692,0.35662393171967033
693,0.35662393171967033
694,0.35662393171967033
695,0.3570258533487079
696,0.3570258533487079
697,0.3570258533487079
698,0.3570258533487079
699,0.3570258533487079
700,0.357651508720654
701,0.357651508720654
702,0.357651508720654
703,0.357651508720654
704,0.357651508720654
705,0.358119558421657
706,0.358119558421657
707,0.358119558421657
708,0.358119558421657
709,0.358119558421657
710,0.358481282400281
711,0.358481282400281
712,0.358481282400281
713,0.358481282400281
714,0.358481282400281
715,0.3591283671900447
716,0.3591283671900447
717,0.3591283671900447
718,0.3591283671900447
719,0.3591283671900447
720,0.3595874163966533
721,0.3595874163966533
722,0.3595874163966533
723,0.3595874163966533
724,0.3595874163966533
725,0.3601371749546831
726,0.3601371749546831
727,0.3601371749546831
728,0.3601371749546831
729,0.3601371749546831
730,0.3605799613657588
731,0.3605799613657588
732,0.3605799613657588
733,0.3605799613657588
734,0.3605799613657588
735,0.3609769336152108
736,0.3609769336152108
737,0.3609769336152108
738,0.3609769336152108
739,0.3609769336152108
740,0.3615130066628698
741,0.3615130066628698
742,0.3615130066628698
743,0.3615130066628698
744,0.3615130066628698
745,0.3618604376659146
746,0.3618604376659146
747,0.3618604376659146
748,0.3618604376659146
749,0.3618604376659146
750,0.36239779867575667
751,0.36239779867575667
752,0.36239779867575667
753,0.36239779867575667
754,0.36239779867575667
755,0.36281744417487777
756,0.36281744417487777
757,0.36281744417487777
758,0.36281744417487777
759,0.36281744417487777
760,0.36327591569430084
761,0.36327591569430084
762,0.36327591569430084
763,0.36327591569430084
764,0.36327591569430084
765,0.3637243112670171
766,0.3637243112670171
767,0.3637243112670171
768,0.3637243112670171
769,0.3637243112670171
770,0.3642674302986023
771,0.3642674302986023
772,0.3642674302986023
773,0.3642674302986023
774,0.3642674302986023
775,0.36461890660958846
776,0.36461890660958846
777,0.36461890660958846
778,0.36461890660958846
779,0.36461890660958846
780,0.36512872084911285
781,0.36512872084911285
782,0.36512872084911285
783,0.36512872084911285
784,0.36512872084911285
785,0.3655564855981419
786,0.3655564855981419
787,0.3655564855981419
788,0.3655564855981419
789,0.3655564855981419
790,0.36603582437228704
791,0.36603582437228704
792,0.36603582437228704
793,0.36603582437228704
794,0.36603582437228704
795,0.3665195511462854
796,0.3665195511462854
797,0.3665195511462854
798,0.3665195511462854
799,0.3665195511462854
800,0.36712165824819637
801,0.36712165824819637
802,0.36712165824819637
803,0.36712165824819637
804,0.36712165824819637
805,0.3675610377207909
806,0.3675610377207909
807,0.3675610377207909
808,0.3675610377207909
809,0.3675610377207909
810,0.36812320057358905
811,0.36812320057358905
812,0.36812320057358905
813,0.36812320057358905
814,0.36812320057358905
815,0.3685550496518502
816,0.3685550496518502
817,0.3685550496518502
818,0.3685550496518502
819,0.3685550496518502
820,0.36908880180517706
821,0.36908880180517706
822,0.36908880180517706
823,0.36908880180517706
824,0.36908880180517706
825,0.369615859560347
826,0.369615859560347
827,0.369615859560347
828,0.369615859560347
829,0.369615859560347
830,0.37006983474331523
831,0.37006983474331523
832,0.37006983474331523
833,0.37006983474331523
834,0.37006983474331523
835,0.3705202574357789
836,0.3705202574357789
837,0.3705202574357789
838,0.3705202574357789
839,0.3705202574357789
840,0.3710175966681379
841,0.3710175966681379
842,0.3710175966681379
843,0.3710175966681379
844,0.3710175966681379
845,0.37155518503360585
846,0.37155518503360585
847,0.37155518503360585
848,0.37155518503360585
849,0.37155518503360585
850,0.3719778505767873
851,0.3719778505767873
852,0.3719778505767873
853,0.3719778505767873
854,0.3719778505767873
855,0.3724560896059821
856,0.3724560896059821
857,0.3724560896059821
858,0.3724560896059821
859,0.3724560896059821
860,0.37290708885781604
861,0.37290708885781604
862,0.37290708885781604
863,0.37290708885781604
864,0.37290708885781604
865,0.3744869089757425
866,0.3744869089757425
867,0.3744869089757425
868,0.3744869089757425
869,0.3744869089757425
870,0.3752611160187672
871,0.3752611160187672
872,0.3752611160187672
873,0.3752611160187672
874,0.3752611160187672
875,0.37583781149669926
876,0.37583781149669926
877,0.37583781149669926
878,0.37583781149669926
879,0.37583781149669926
880,0.3760329123869993
881,0.3760329123869993
882,0.3760329123869993
883,0.3760329123869993
884,0.3760329123869993
885,0.3765004888292154
886,0.3765004888292154
887,0.3765004888292154
888,0.3765004888292154
889,0.3765004888292154
890,0.37716109612677107
891,0.37716109612677107
892,0.37716109612677107
893,0.37716109612677107
894,0.37716109612677107
895,0.37760011182306774
896,0.37760011182306774
897,0.37760011182306774
898,0.37760011182306774
899,0.37760011182306774
900,0.3780274145970827
901,0.3780274145970827
902,0.3780274145970827
903,0.3780274145970827
904,0.3780274145970827
905,0.3784450123099562
906,0.3784450123099562
907,0.3784450123099562
908,0.3784450123099562
909,0.3784450123099562
910,0.37882043389120384
911,0.37882043389120384
912,0.37882043389120384
913,0.37882043389120384
914,0.37882043389120384
915,0.3792820694816321
916,0.3792820694816321
917,0.3792820694816321
918,0.3792820694816321
919,0.3792820694816321
920,0.37964938699433587
921,0.37964938699433587
922,0.37964938699433587
923,0.37964938699433587
924,0.37964938699433587
925,0.3801444589062896
926,0.3801444589062896
927,0.3801444589062896
928,0.3801444589062896
929,0.3801444589062896
930,0.3807603739096062
931,0.3807603739096062
932,0.3807603739096062
933,0.3807603739096062
934,0.3807603739096062
935,0.3810998979495617
936,0.3810998979495617
937,0.3810998979495617
938,0.3810998979495617
939,0.3810998979495617
940,0.38158678446354266
941,0.38158678446354266
942,0.38158678446354266
943,0.38158678446354266
944,0.38158678446354266
945,0.3817615385892943
946,0.3817615385892943
947,0.3817615385892943
948,0.3817615385892943
949,0.3817615385892943
950,0.38226966630294207
951,0.38226966630294207
952,0.38226966630294207
953,0.38226966630294207
954,0.38226966630294207
955,0.38282357885564394
956,0.38282357885564394
957,0.38282357885564394
958,0.38282357885564394
959,0.38282357885564394
960,0.38327031659260574
961,0.38327031659260574
962,0.38327031659260574
963,0.38327031659260574
964,0.38327031659260574
965,0.3836310706461505
966,0.3836310706461505
967,0.3836310706461505
968,0.3836310706461505
969,0.3836310706461505
970,0.3840041255819798
971,0.3840041255819798
972,0.3840041255819798
973,0.3840041255819798
974,0.3840041255819798
975,0.3844613071379844
976,0.3844613071379844
977,0.3844613071379844
978,0.3844613071379844
979,0.3844613071379844
980,0.38497656870257946
981,0.38497656870257946
982,0.38497656870257946
983,0.38497656870257946
984,0.38497656870257946
985,0.3855683502578579
986,0.3855683502578579
987,0.3855683502578579
988,0.3855683502578579
989,0.3855683502578579
990,0.38591778895641277
991,0.38591778895641277
992,0.38591778895641277
993,0.38591778895641277
994,0.38591778895641277
995,0.3863482277666532
996,0.3863482277666532
997,0.3863482277666532
998,0.3863482277666532
999,0.3863482277666532
1000,0.38669048117097765
1001,0.38669048117097765
1002,0.38669048117097765
1003,0.38669048117097765
1004,0.38669048117097765
1005,0.38710179905476133
1006,0.38710179905476133
1007,0.38710179905476133
1008,0.38710179905476133
1009,0.38710179905476133
1010,0.38761451417272696
1011,0.38761451417272696
1012,0.38761451417272696
1013,0.38761451417272696
1014,0.38761451417272696
1015,0.3880091121529418
1016,0.3880091121529418
1017,0.3880091121529418
1018,0.3880091121529418
1019,0.3880091121529418
1020,0.38849834540564643
1021,0.38849834540564643
1022,0.38849834540564643
1023,0.38849834540564643
1024,0.38849834540564643
1025,0.38882650671366237
1026,0.38882650671366237
1027,0.38882650671366237
1028,0.38882650671366237
1029,0.38882650671366237
1030,0.3895205298452917
1031,0.3895205298452917
1032,0.3895205298452917
1033,0.3895205298452917
1034,0.3895205298452917
1035,0.3899886848263838
1036,0.3899886848263838
1037,0.3899886848263838
1038,0.3899886848263838
1039,0.3899886848263838
1040,0.39057861377884123
1041,0.39057861377884123
1042,0.39057861377884123
1043,0.39057861377884123
1044,0.39057861377884123
1045,0.39123819766674234
1046,0.39123819766674234
1047,0.39123819766674234
1048,0.39123819766674234
1049,0.39123819766674234
