packages/lica/lica-3.0.5.tar.gz/lica-3.0.5/src/lica/lab/photodiode/PIN-10D-Responsivity-Cross-Calibrated@1nm.ecsv
# %ECSV 1.0
# ---
# datatype:
# - {name: Wavelength, unit: nm, datatype: float64}
# - {name: Responsivity, unit: A / W, datatype: float64}
# - {name: QE, unit: '', datatype: float64}
# delimiter: ','
# meta:
#   Dark current:
#     max:
#       Temp: !astropy.units.Quantity
#         unit: &id001 !astropy.units.Unit {unit: deg_C}
#         value: 23.0
#       Value: !astropy.units.Quantity
#         unit: &id002 !astropy.units.Unit {unit: nA}
#         value: 25.0
#     typ:
#       Temp: !astropy.units.Quantity
#         unit: *id001
#         value: 23.0
#       Value: !astropy.units.Quantity
#         unit: *id002
#         value: 2.0
#   History:
#   - Description: Cross calibrated with S2281-01
#     End wavelength: !astropy.units.Quantity
#       unit: &id003 !astropy.units.Unit {unit: nm}
#       value: 1049.0
#     Resolution: !astropy.units.Quantity
#       unit: *id003
#       value: 1.0
#     Start wavelength: !astropy.units.Quantity
#       unit: *id003
#       value: 350.0
#   Manufacturer: OSI
#   Model: PIN-10D
#   Peak responsivity:
#     max:
#       Resp: !astropy.units.Quantity
#         unit: !astropy.units.Unit {unit: A / W}
#         value: 0.65
#       Temp: !astropy.units.Quantity
#         unit: *id001
#         value: 25.0
#       Wave: !astropy.units.Quantity
#         unit: *id003
#         value: 970.0
#     typ:
#       Resp: !astropy.units.Quantity
#         unit: !astropy.units.Unit {unit: A / W}
#         value: 0.6
#       Temp: !astropy.units.Quantity
#         unit: *id001
#         value: 25.0
#       Wave: !astropy.units.Quantity
#         unit: *id003
#         value: 970.0
#   Photosensitive area: !astropy.units.Quantity
#     unit: !astropy.units.Unit {unit: mm2}
#     value: 100.0
#   Photosensitive size diameter: !astropy.units.Quantity
#     unit: !astropy.units.Unit {unit: mm}
#     value: 11.28
#   Revision: 2024-12
#   Serial: OSI-11-01-004-10D
#   Window: Quartz Glass
# schema: astropy-2.0
Wavelength,Responsivity,QE
350.0,0.04196,0.14864
351.0,0.04102,0.14488
352.0,0.04012,0.1413
353.0,0.03935,0.13822
354.0,0.03852,0.13492
355.0,0.03763,0.13144
356.0,0.03723,0.12968
357.0,0.03671,0.12749
358.0,0.03613,0.12514
359.0,0.03576,0.1235
360.0,0.0353,0.12158
361.0,0.03492,0.11994
362.0,0.03477,0.11909
363.0,0.03445,0.11768
364.0,0.03427,0.11671
365.0,0.03418,0.11612
366.0,0.03414,0.11564
367.0,0.0341,0.1152
368.0,0.0341,0.11488
369.0,0.03429,0.1152
370.0,0.03442,0.11535
371.0,0.03469,0.11592
372.0,0.03493,0.11642
373.0,0.03524,0.11715
374.0,0.0357,0.11836
375.0,0.03612,0.11941
376.0,0.03657,0.12057
377.0,0.03712,0.12207
378.0,0.03761,0.12337
379.0,0.03828,0.12522
380.0,0.03887,0.12681
381.0,0.03957,0.12876
382.0,0.04027,0.13072
383.0,0.04101,0.13274
384.0,0.04179,0.13492
385.0,0.04261,0.13722
386.0,0.04346,0.1396
387.0,0.04432,0.142
388.0,0.04522,0.1445
389.0,0.0461,0.14695
390.0,0.04708,0.14966
391.0,0.048,0.15221
392.0,0.04897,0.15488
393.0,0.04999,0.1577
394.0,0.05103,0.16057
395.0,0.05212,0.16359
396.0,0.05319,0.16653
397.0,0.0543,0.16957
398.0,0.05541,0.1726
399.0,0.05647,0.17548
400.0,0.05769,0.17881
401.0,0.05888,0.18205
402.0,0.06011,0.18538
403.0,0.06133,0.1887
404.0,0.06254,0.19193
405.0,0.06377,0.19521
406.0,0.06509,0.19877
407.0,0.06628,0.20191
408.0,0.06753,0.2052
409.0,0.06877,0.20846
410.0,0.07005,0.21182
411.0,0.07133,0.21519
412.0,0.07257,0.21838
413.0,0.07386,0.22174
414.0,0.0752,0.22521
415.0,0.07644,0.22838
416.0,0.07778,0.23182
417.0,0.07899,0.23484
418.0,0.08034,0.23831
419.0,0.08164,0.24157
420.0,0.08295,0.24488
421.0,0.08421,0.24801
422.0,0.08566,0.25168
423.0,0.08692,0.25476
424.0,0.08826,0.2581
425.0,0.08953,0.26119
426.0,0.09092,0.26463
427.0,0.09226,0.26789
428.0,0.09347,0.27077
429.0,0.09485,0.27414
430.0,0.09617,0.27729
431.0,0.09747,0.28038
432.0,0.09881,0.28358
433.0,0.10017,0.28683
434.0,0.10141,0.28972
435.0,0.10278,0.29295
436.0,0.10409,0.29599
437.0,0.10537,0.29895
438.0,0.10671,0.30206
439.0,0.10801,0.30504
440.0,0.10928,0.30792
441.0,0.1106,0.31095
442.0,0.11191,0.31391
443.0,0.11317,0.31672
444.0,0.1145,0.31975
445.0,0.11575,0.3225
446.0,0.11709,0.32551
447.0,0.11839,0.32839
448.0,0.11964,0.33111
449.0,0.12094,0.33397
450.0,0.12226,0.33686
451.0,0.12349,0.33949
452.0,0.12478,0.34227
453.0,0.12606,0.34501
454.0,0.12728,0.34758
455.0,0.12858,0.35036
456.0,0.12994,0.35331
457.0,0.13114,0.35578
458.0,0.13245,0.35854
459.0,0.13375,0.3613
460.0,0.13505,0.36401
461.0,0.13628,0.36651
462.0,0.13761,0.3693
463.0,0.13885,0.37183
464.0,0.14012,0.3744
465.0,0.14143,0.37709
466.0,0.14265,0.37955
467.0,0.1439,0.38203
468.0,0.1452,0.38466
469.0,0.14643,0.3871
470.0,0.14765,0.3895
471.0,0.14894,0.39207
472.0,0.15018,0.39449
473.0,0.15143,0.39693
474.0,0.15271,0.39944
475.0,0.15393,0.40179
476.0,0.15519,0.40422
477.0,0.15642,0.40658
478.0,0.15761,0.40882
479.0,0.1588,0.41105
480.0,0.1601,0.41353
481.0,0.16131,0.4158
482.0,0.16258,0.4182
483.0,0.16379,0.42044
484.0,0.16503,0.42274
485.0,0.16622,0.42492
486.0,0.16753,0.4274
487.0,0.16871,0.42951
488.0,0.16996,0.43181
489.0,0.17114,0.43392
490.0,0.17242,0.43627
491.0,0.17362,0.43842
492.0,0.17485,0.44061
493.0,0.1761,0.44288
494.0,0.1773,0.44498
495.0,0.17849,0.44708
496.0,0.17975,0.44931
497.0,0.18093,0.45135
498.0,0.18217,0.45354
499.0,0.18344,0.45578
500.0,0.18463,0.45783
501.0,0.18581,0.45984
502.0,0.18705,0.46199
503.0,0.18824,0.46399
504.0,0.18949,0.46615
505.0,0.19072,0.46824
506.0,0.19199,0.47043
507.0,0.19313,0.47229
508.0,0.19441,0.47448
509.0,0.19557,0.47639
510.0,0.19683,0.47851
511.0,0.19798,0.48035
512.0,0.1992,0.48238
513.0,0.20037,0.48426
514.0,0.2016,0.48628
515.0,0.2028,0.48823
516.0,0.20407,0.49033
517.0,0.20522,0.49216
518.0,0.20642,0.49408
519.0,0.20771,0.4962
520.0,0.20892,0.49813
521.0,0.21018,0.50016
522.0,0.21139,0.5021
523.0,0.21257,0.50392
524.0,0.21381,0.5059
525.0,0.21501,0.50777
526.0,0.21627,0.50978
527.0,0.21746,0.5116
528.0,0.21866,0.51345
529.0,0.21989,0.51536
530.0,0.22102,0.51703
531.0,0.2222,0.51882
532.0,0.22343,0.5207
533.0,0.22467,0.52261
534.0,0.22584,0.52436
535.0,0.22706,0.5262
536.0,0.22822,0.5279
537.0,0.22942,0.5297
538.0,0.23066,0.53155
539.0,0.23178,0.53316
540.0,0.23305,0.53509
541.0,0.23423,0.53679
542.0,0.2355,0.53871
543.0,0.23664,0.54031
544.0,0.23783,0.54205
545.0,0.23899,0.54369
546.0,0.24018,0.54539
547.0,0.24142,0.54721
548.0,0.24256,0.5488
549.0,0.24373,0.55044
550.0,0.24489,0.55205
551.0,0.24611,0.55378
552.0,0.24721,0.55526
553.0,0.24845,0.55703
554.0,0.24962,0.55865
555.0,0.25089,0.56048
556.0,0.25202,0.562
557.0,0.25327,0.56376
558.0,0.25441,0.56528
559.0,0.25554,0.56677
560.0,0.25673,0.5684
561.0,0.25797,0.57012
562.0,0.25909,0.57159
563.0,0.26027,0.57316
564.0,0.26146,0.57476
565.0,0.26268,0.57643
566.0,0.26387,0.57803
567.0,0.26502,0.5795
568.0,0.26617,0.58099
569.0,0.26734,0.58254
570.0,0.2685,0.58402
571.0,0.2716,0.58973
572.0,0.27261,0.5909
573.0,0.27367,0.59216
574.0,0.27469,0.59333
575.0,0.27584,0.59479
576.0,0.27666,0.59551
577.0,0.27788,0.59709
578.0,0.27912,0.59872
579.0,0.28012,0.59984
580.0,0.28124,0.60119
581.0,0.28238,0.60258
582.0,0.28355,0.60405
583.0,0.28463,0.6053
584.0,0.28571,0.60656
585.0,0.2869,0.60806
586.0,0.28805,0.60945
587.0,0.28933,0.61111
588.0,0.29032,0.61215
589.0,0.29149,0.61359
590.0,0.29265,0.61499
591.0,0.29376,0.61628
592.0,0.29485,0.61752
593.0,0.29604,0.61896
594.0,0.29717,0.62029
595.0,0.29834,0.62167
596.0,0.29962,0.62328
597.0,0.30067,0.62443
598.0,0.30183,0.6258
599.0,0.30295,0.62706
600.0,0.30408,0.62836
601.0,0.3052,0.62963
602.0,0.30638,0.63101
603.0,0.30754,0.63233
604.0,0.30876,0.6338
605.0,0.30991,0.63511
606.0,0.31109,0.63647
607.0,0.31224,0.63777
608.0,0.31338,0.63905
609.0,0.31453,0.64034
610.0,0.31571,0.64169
611.0,0.3168,0.64285
612.0,0.31799,0.6442
613.0,0.31913,0.64547
614.0,0.3203,0.64677
615.0,0.32151,0.64816
616.0,0.32265,0.64941
617.0,0.32381,0.65069
618.0,0.3249,0.65183
619.0,0.32614,0.65325
620.0,0.32717,0.65425
621.0,0.32833,0.65553
622.0,0.3295,0.65681
623.0,0.33071,0.65814
624.0,0.33186,0.65938
625.0,0.33303,0.66065
626.0,0.33427,0.66204
627.0,0.33533,0.66308
628.0,0.33651,0.66436
629.0,0.33759,0.66544
630.0,0.33874,0.66665
631.0,0.33991,0.66788
632.0,0.34103,0.66901
633.0,0.34227,0.6704
634.0,0.3434,0.67154
635.0,0.34468,0.673
636.0,0.34579,0.6741
637.0,0.34687,0.67514
638.0,0.34806,0.6764
639.0,0.34913,0.67742
640.0,0.35023,0.67849
641.0,0.35137,0.67963
642.0,0.3525,0.68076
643.0,0.35369,0.68199
644.0,0.35482,0.6831
645.0,0.356,0.68431
646.0,0.35706,0.6853
647.0,0.3582,0.68641
648.0,0.35932,0.6875
649.0,0.36046,0.68862
650.0,0.36157,0.68969
651.0,0.36271,0.69079
652.0,0.36389,0.69198
653.0,0.3649,0.69282
654.0,0.36604,0.69394
655.0,0.36718,0.69504
656.0,0.36842,0.69632
657.0,0.36957,0.69742
658.0,0.37074,0.69856
659.0,0.3719,0.69968
660.0,0.37302,0.70074
661.0,0.3741,0.7017
662.0,0.37514,0.7026
663.0,0.37623,0.70356
664.0,0.37732,0.70454
665.0,0.37846,0.7056
666.0,0.37957,0.70662
667.0,0.3807,0.70766
668.0,0.38179,0.70862
669.0,0.38298,0.70976
670.0,0.38414,0.71085
671.0,0.38501,0.7114
672.0,0.38618,0.7125
673.0,0.38737,0.71364
674.0,0.38844,0.71455
675.0,0.38953,0.71549
676.0,0.39063,0.71644
677.0,0.3918,0.71754
678.0,0.39294,0.71856
679.0,0.39403,0.71949
680.0,0.39513,0.72043
681.0,0.39621,0.72134
682.0,0.39731,0.72228
683.0,0.39846,0.72332
684.0,0.39952,0.72418
685.0,0.40059,0.72506
686.0,0.40181,0.72621
687.0,0.40286,0.72706
688.0,0.40396,0.72797
689.0,0.40501,0.7288
690.0,0.40609,0.72969
691.0,0.40715,0.73054
692.0,0.40818,0.73133
693.0,0.40922,0.73214
694.0,0.4103,0.733
695.0,0.41143,0.73397
696.0,0.41244,0.7347
697.0,0.41345,0.73546
698.0,0.4145,0.73626
699.0,0.4156,0.73716
700.0,0.41663,0.73793
701.0,0.4177,0.73877
702.0,0.41873,0.73954
703.0,0.41969,0.74018
704.0,0.42084,0.74116
705.0,0.42186,0.7419
706.0,0.42291,0.74269
707.0,0.42389,0.74337
708.0,0.42499,0.74424
709.0,0.42601,0.74498
710.0,0.42701,0.74567
711.0,0.42811,0.74654
712.0,0.42911,0.74724
713.0,0.43012,0.74794
714.0,0.43113,0.74865
715.0,0.43212,0.74932
716.0,0.43306,0.74989
717.0,0.4342,0.75082
718.0,0.43513,0.75138
719.0,0.43619,0.75216
720.0,0.43727,0.75297
721.0,0.43812,0.75339
722.0,0.43923,0.75426
723.0,0.44027,0.755
724.0,0.44127,0.75567
725.0,0.44239,0.75654
726.0,0.4434,0.75723
727.0,0.44435,0.75781
728.0,0.44538,0.75852
729.0,0.44644,0.75929
730.0,0.44741,0.75989
731.0,0.4484,0.76053
732.0,0.44947,0.7613
733.0,0.4504,0.76184
734.0,0.45143,0.76253
735.0,0.45241,0.76315
736.0,0.45345,0.76387
737.0,0.4544,0.76443
738.0,0.45538,0.76504
739.0,0.45643,0.76576
740.0,0.45737,0.76631
741.0,0.45842,0.76702
742.0,0.45933,0.76752
743.0,0.46027,0.76806
744.0,0.46129,0.76873
745.0,0.46224,0.76927
746.0,0.46315,0.76974
747.0,0.46417,0.7704
748.0,0.46519,0.77107
749.0,0.46616,0.77164
750.0,0.46701,0.77203
751.0,0.46803,0.77268
752.0,0.46891,0.77311
753.0,0.46979,0.77353
754.0,0.4707,0.774
755.0,0.47174,0.77469
756.0,0.47261,0.77508
757.0,0.47356,0.77561
758.0,0.47442,0.776
759.0,0.47532,0.77645
760.0,0.47636,0.77713
761.0,0.47724,0.77753
762.0,0.47819,0.77806
763.0,0.47902,0.77839
764.0,0.47993,0.77884
765.0,0.48084,0.7793
766.0,0.4817,0.77968
767.0,0.48259,0.78009
768.0,0.48345,0.78046
769.0,0.48439,0.78098
770.0,0.48524,0.78133
771.0,0.48609,0.78167
772.0,0.48697,0.78209
773.0,0.48789,0.78255
774.0,0.48879,0.78298
775.0,0.4896,0.78326
776.0,0.49048,0.78366
777.0,0.49125,0.78388
778.0,0.49214,0.78429
779.0,0.493,0.78465
780.0,0.49394,0.78514
781.0,0.49479,0.78548
782.0,0.49561,0.78578
783.0,0.49645,0.78611
784.0,0.49728,0.78642
785.0,0.49811,0.78672
786.0,0.49895,0.78704
787.0,0.49984,0.78745
788.0,0.50071,0.78782
789.0,0.50154,0.78812
790.0,0.50229,0.78831
791.0,0.50316,0.78868
792.0,0.50391,0.78884
793.0,0.50471,0.78911
794.0,0.50557,0.78946
795.0,0.50632,0.78964
796.0,0.50711,0.78987
797.0,0.50801,0.79028
798.0,0.50883,0.79056
799.0,0.50972,0.79095
800.0,0.51055,0.79125
801.0,0.51132,0.79146
802.0,0.51216,0.79176
803.0,0.51291,0.79193
804.0,0.51377,0.79228
805.0,0.51453,0.79247
806.0,0.51538,0.79279
807.0,0.51624,0.79313
808.0,0.51693,0.7932
809.0,0.51766,0.79335
810.0,0.51868,0.79393
811.0,0.5194,0.79404
812.0,0.52007,0.7941
813.0,0.52092,0.79442
814.0,0.52164,0.79453
815.0,0.52243,0.79476
816.0,0.52325,0.79503
817.0,0.52405,0.79528
818.0,0.52478,0.7954
819.0,0.52553,0.79558
820.0,0.52633,0.79581
821.0,0.52712,0.79603
822.0,0.52794,0.7963
823.0,0.52873,0.79652
824.0,0.52942,0.79659
825.0,0.53016,0.79674
826.0,0.53102,0.79707
827.0,0.53187,0.79739
828.0,0.53264,0.79757
829.0,0.5334,0.79775
830.0,0.53418,0.79795
831.0,0.53492,0.79809
832.0,0.53565,0.79823
833.0,0.53637,0.79834
834.0,0.53708,0.79844
835.0,0.53791,0.79871
836.0,0.53865,0.79886
837.0,0.53941,0.79902
838.0,0.54025,0.79931
839.0,0.54088,0.79929
840.0,0.54168,0.79953
841.0,0.54235,0.79956
842.0,0.54323,0.79991
843.0,0.54386,0.79988
844.0,0.54456,0.79996
845.0,0.54534,0.80017
846.0,0.54609,0.80032
847.0,0.54671,0.80028
848.0,0.54761,0.80065
849.0,0.54828,0.80068
850.0,0.54906,0.80087
851.0,0.54971,0.80089
852.0,0.55038,0.80091
853.0,0.55109,0.80101
854.0,0.55166,0.8009
855.0,0.55254,0.80124
856.0,0.55315,0.80118
857.0,0.55389,0.80132
858.0,0.55462,0.80144
859.0,0.55527,0.80145
860.0,0.5559,0.80142
861.0,0.55691,0.80196
862.0,0.55761,0.80202
863.0,0.55827,0.80204
864.0,0.55899,0.80215
865.0,0.55965,0.80217
866.0,0.56026,0.80212
867.0,0.56088,0.80208
868.0,0.5616,0.80218
869.0,0.56222,0.80215
870.0,0.56291,0.80221
871.0,0.56347,0.80208
872.0,0.56431,0.80236
873.0,0.56484,0.80219
874.0,0.56543,0.80211
875.0,0.56622,0.80232
876.0,0.5669,0.80236
877.0,0.56749,0.80228
878.0,0.5682,0.80237
879.0,0.56877,0.80225
880.0,0.56942,0.80226
881.0,0.57004,0.80222
882.0,0.57062,0.80214
883.0,0.57126,0.80212
884.0,0.57183,0.80201
885.0,0.57267,0.80229
886.0,0.57321,0.80213
887.0,0.57382,0.80208
888.0,0.57443,0.80203
889.0,0.57514,0.80212
890.0,0.57566,0.80194
891.0,0.57632,0.80197
892.0,0.5769,0.80186
893.0,0.57751,0.80182
894.0,0.57809,0.80172
895.0,0.57875,0.80175
896.0,0.57939,0.80173
897.0,0.58,0.80169
898.0,0.58066,0.8017
899.0,0.58125,0.80163
900.0,0.5818,0.80148
901.0,0.58234,0.80134
902.0,0.58293,0.80126
903.0,0.5836,0.8013
904.0,0.58411,0.80111
905.0,0.58481,0.80119
906.0,0.58539,0.80109
907.0,0.58605,0.80111
908.0,0.58655,0.80091
909.0,0.58711,0.80079
910.0,0.58772,0.80074
911.0,0.58829,0.80065
912.0,0.58885,0.80053
913.0,0.5896,0.80068
914.0,0.59017,0.80056
915.0,0.59077,0.80051
916.0,0.59135,0.80041
917.0,0.59204,0.80047
918.0,0.59271,0.8005
919.0,0.59313,0.80021
920.0,0.59378,0.80021
921.0,0.59447,0.80027
922.0,0.5951,0.80025
923.0,0.59555,0.79998
924.0,0.59613,0.7999
925.0,0.59676,0.79989
926.0,0.59733,0.79978
927.0,0.59782,0.79957
928.0,0.59838,0.79946
929.0,0.5989,0.79929
930.0,0.59955,0.7993
931.0,0.60016,0.79925
932.0,0.60076,0.79919
933.0,0.60123,0.79895
934.0,0.60178,0.79883
935.0,0.60213,0.79844
936.0,0.60266,0.79829
937.0,0.60297,0.79785
938.0,0.60347,0.79766
939.0,0.60404,0.79757
940.0,0.60431,0.79708
941.0,0.60479,0.79686
942.0,0.60515,0.79649
943.0,0.60555,0.79617
944.0,0.60601,0.79593
945.0,0.6063,0.79547
946.0,0.60668,0.79512
947.0,0.60707,0.79479
948.0,0.60744,0.79444
949.0,0.6077,0.79394
950.0,0.60814,0.79368
951.0,0.60837,0.79315
952.0,0.6087,0.79275
953.0,0.60909,0.79241
954.0,0.60935,0.79193
955.0,0.6095,0.7913
956.0,0.60978,0.79083
957.0,0.60994,0.79021
958.0,0.61012,0.78962
959.0,0.61027,0.78898
960.0,0.61035,0.78826
961.0,0.61048,0.78761
962.0,0.6106,0.78695
963.0,0.61062,0.78616
964.0,0.61074,0.7855
965.0,0.61077,0.78472
966.0,0.61071,0.78383
967.0,0.61075,0.78307
968.0,0.61066,0.78215
969.0,0.6106,0.78127
970.0,0.61046,0.78028
971.0,0.61032,0.7793
972.0,0.61029,0.77846
973.0,0.61012,0.77745
974.0,0.61002,0.77652
975.0,0.60978,0.77542
976.0,0.60951,0.77428
977.0,0.60927,0.77318
978.0,0.60877,0.77175
979.0,0.60838,0.77048
980.0,0.60787,0.76905
981.0,0.60725,0.76748
982.0,0.60661,0.76588
983.0,0.606,0.76433
984.0,0.60512,0.76245
985.0,0.60421,0.76053
986.0,0.60328,0.75859
987.0,0.60222,0.75649
988.0,0.60093,0.75411
989.0,0.59971,0.75181
990.0,0.5984,0.74941
991.0,0.59696,0.74685
992.0,0.59555,0.74434
993.0,0.59388,0.74151
994.0,0.59226,0.73874
995.0,0.59064,0.73598
996.0,0.5889,0.73308
997.0,0.58708,0.73008
998.0,0.58526,0.72709
999.0,0.58342,0.72407
1000.0,0.58151,0.72098
1001.0,0.57964,0.71794
1002.0,0.57777,0.71491
1003.0,0.5759,0.7119
1004.0,0.57361,0.70835
1005.0,0.57158,0.70514
1006.0,0.56916,0.70146
1007.0,0.56664,0.69766
1008.0,0.56384,0.69352
1009.0,0.56082,0.68913
1010.0,0.55754,0.68442
1011.0,0.55417,0.67961
1012.0,0.55088,0.67491
1013.0,0.54756,0.67017
1014.0,0.54396,0.66511
1015.0,0.54065,0.66042
1016.0,0.53723,0.65559
1017.0,0.53405,0.65107
1018.0,0.53067,0.64631
1019.0,0.527,0.64121
1020.0,0.523,0.63572
1021.0,0.51879,0.62998
1022.0,0.51429,0.62391
1023.0,0.50936,0.61732
1024.0,0.50291,0.60891
1025.0,0.49761,0.60191
1026.0,0.49292,0.59565
1027.0,0.48838,0.5896
1028.0,0.48379,0.58349
1029.0,0.47932,0.57753
1030.0,0.4751,0.57189
1031.0,0.46997,0.56517
1032.0,0.46381,0.55722
1033.0,0.45776,0.54941
1034.0,0.45134,0.54119
1035.0,0.44522,0.53333
1036.0,0.43876,0.52509
1037.0,0.43266,0.51729
1038.0,0.42638,0.50929
1039.0,0.42009,0.5013
1040.0,0.41368,0.49317
1041.0,0.403,0.47997
1042.0,0.39685,0.4722
1043.0,0.39051,0.46421
1044.0,0.38437,0.45647
1045.0,0.37826,0.44879
1046.0,0.372,0.44094
1047.0,0.36594,0.43334
1048.0,0.35984,0.42571
1049.0,0.35375,0.4181
