packages/lica/lica-3.0.6-py3-none-any.whl/lica/lab/photodiode/PIN-10D-Responsivity-Interpolated@1nm.ecsv
# %ECSV 1.0
# ---
# datatype:
# - {name: Wavelength, unit: nm, datatype: float64}
# - {name: Responsivity, unit: A / W, datatype: float64}
# - {name: QE, unit: '', datatype: float64}
# delimiter: ','
# meta:
#   Dark current:
#     max:
#       Temp: !astropy.units.Quantity
#         unit: &id001 !astropy.units.Unit {unit: deg_C}
#         value: 23.0
#       Value: !astropy.units.Quantity
#         unit: &id002 !astropy.units.Unit {unit: nA}
#         value: 25.0
#     typ:
#       Temp: !astropy.units.Quantity
#         unit: *id001
#         value: 23.0
#       Value: !astropy.units.Quantity
#         unit: *id002
#         value: 2.0
#   History:
#   - Comment: Variable resolution
#     Date: null
#     Description: Loaded Calibration Table from Datasheet
#     End wavelength: !astropy.units.Quantity
#       unit: &id004 !astropy.units.Unit {unit: nm}
#       value: 1097.36191
#     Resolution:
#       mean: !astropy.units.Quantity
#         unit: &id003 !astropy.units.Unit {unit: mm}
#         value: 3.31
#       median: !astropy.units.Quantity
#         unit: *id003
#         value: 4.62
#       sigma: !astropy.units.Quantity
#         unit: *id003
#         value: 1.7
#     Start wavelength: !astropy.units.Quantity
#       unit: *id004
#       value: 329.01896
#   - Description: Resampled calibration data at regular intervals
#     End wavelength: !astropy.units.Quantity
#       unit: *id004
#       value: 1049.0
#     Method: Akima piecewise cubic polynomials
#     Resolution: !astropy.units.Quantity
#       unit: *id004
#       value: 1.0
#     Start wavelength: !astropy.units.Quantity
#       unit: *id004
#       value: 350.0
#   Manufacturer: OSI
#   Model: PIN-10D
#   Peak responsivity:
#     max:
#       Resp: !astropy.units.Quantity
#         unit: !astropy.units.Unit {unit: A / W}
#         value: 0.65
#       Temp: !astropy.units.Quantity
#         unit: *id001
#         value: 25.0
#       Wave: !astropy.units.Quantity
#         unit: *id004
#         value: 970.0
#     typ:
#       Resp: !astropy.units.Quantity
#         unit: !astropy.units.Unit {unit: A / W}
#         value: 0.6
#       Temp: !astropy.units.Quantity
#         unit: *id001
#         value: 25.0
#       Wave: !astropy.units.Quantity
#         unit: *id004
#         value: 970.0
#   Photosensitive area: !astropy.units.Quantity
#     unit: !astropy.units.Unit {unit: mm2}
#     value: 100.0
#   Photosensitive size diameter: !astropy.units.Quantity
#     unit: *id003
#     value: 11.28
#   Revision: 2024-12
#   Serial: OSI-11-01-004-10D
#   Window: Quartz Glass
# schema: astropy-2.0
Wavelength,Responsivity,QE
350.0,0.05238,0.18555
351.0,0.05263,0.18591
352.0,0.05278,0.18591
353.0,0.05281,0.18548
354.0,0.05279,0.18489
355.0,0.05275,0.18423
356.0,0.05275,0.18371
357.0,0.05282,0.18344
358.0,0.05292,0.18327
359.0,0.05306,0.18325
360.0,0.05326,0.18343
361.0,0.05354,0.18388
362.0,0.05391,0.18464
363.0,0.05428,0.1854
364.0,0.05466,0.18618
365.0,0.05503,0.18693
366.0,0.05541,0.1877
367.0,0.05578,0.18844
368.0,0.05616,0.18921
369.0,0.05653,0.18994
370.0,0.05691,0.1907
371.0,0.05728,0.19142
372.0,0.05766,0.19218
373.0,0.05803,0.19289
374.0,0.05841,0.19363
375.0,0.05878,0.19434
376.0,0.0592,0.19521
377.0,0.05975,0.1965
378.0,0.06036,0.19798
379.0,0.06098,0.19949
380.0,0.06156,0.20085
381.0,0.0621,0.20208
382.0,0.06263,0.20328
383.0,0.06318,0.20453
384.0,0.06377,0.2059
385.0,0.06443,0.20749
386.0,0.06516,0.2093
387.0,0.06593,0.21122
388.0,0.06671,0.21317
389.0,0.06747,0.21504
390.0,0.06821,0.21685
391.0,0.06893,0.21857
392.0,0.06967,0.22036
393.0,0.07044,0.22223
394.0,0.07127,0.22427
395.0,0.07217,0.22653
396.0,0.07311,0.2289
397.0,0.07408,0.23135
398.0,0.07504,0.23376
399.0,0.07598,0.2361
400.0,0.07691,0.23839
401.0,0.07785,0.2407
402.0,0.07879,0.243
403.0,0.07973,0.24529
404.0,0.08077,0.24788
405.0,0.08192,0.25078
406.0,0.0831,0.25377
407.0,0.08426,0.25668
408.0,0.08532,0.25927
409.0,0.08624,0.26143
410.0,0.0871,0.26339
411.0,0.088,0.26546
412.0,0.08901,0.26786
413.0,0.0902,0.27078
414.0,0.09154,0.27414
415.0,0.09292,0.27761
416.0,0.09427,0.28096
417.0,0.0955,0.28394
418.0,0.09661,0.28656
419.0,0.09767,0.28901
420.0,0.09875,0.29151
421.0,0.09993,0.29429
422.0,0.10123,0.29742
423.0,0.10254,0.30055
424.0,0.10386,0.3037
425.0,0.10517,0.30681
426.0,0.10648,0.3099
427.0,0.10779,0.31298
428.0,0.10911,0.31607
429.0,0.11042,0.31912
430.0,0.11173,0.32216
431.0,0.11304,0.32518
432.0,0.11435,0.32819
433.0,0.11566,0.33118
434.0,0.11697,0.33416
435.0,0.11828,0.33712
436.0,0.1196,0.3401
437.0,0.12091,0.34304
438.0,0.12222,0.34597
439.0,0.12354,0.34891
440.0,0.12485,0.35181
441.0,0.12616,0.35469
442.0,0.12747,0.35756
443.0,0.12879,0.36045
444.0,0.1301,0.3633
445.0,0.13146,0.36627
446.0,0.13302,0.36978
447.0,0.13466,0.37351
448.0,0.13619,0.37691
449.0,0.13753,0.37977
450.0,0.13884,0.38253
451.0,0.14015,0.38529
452.0,0.14146,0.38803
453.0,0.14277,0.39076
454.0,0.14408,0.39347
455.0,0.14539,0.39618
456.0,0.1467,0.39887
457.0,0.14802,0.40158
458.0,0.14935,0.4043
459.0,0.15085,0.40747
460.0,0.15246,0.41093
461.0,0.15404,0.41428
462.0,0.15548,0.41725
463.0,0.1568,0.41989
464.0,0.15806,0.42235
465.0,0.15933,0.42483
466.0,0.16067,0.42748
467.0,0.16215,0.43049
468.0,0.16375,0.43381
469.0,0.16534,0.43709
470.0,0.1668,0.44001
471.0,0.16812,0.44255
472.0,0.16943,0.44506
473.0,0.17074,0.44755
474.0,0.17206,0.45006
475.0,0.17337,0.45253
476.0,0.17468,0.45499
477.0,0.17599,0.45744
478.0,0.1773,0.45988
479.0,0.17861,0.46231
480.0,0.17998,0.46489
481.0,0.18155,0.46797
482.0,0.18318,0.47119
483.0,0.1847,0.47412
484.0,0.18604,0.47657
485.0,0.18735,0.47894
486.0,0.18866,0.48129
487.0,0.18998,0.48367
488.0,0.19129,0.486
489.0,0.1926,0.48833
490.0,0.19391,0.49065
491.0,0.19522,0.49296
492.0,0.19653,0.49526
493.0,0.19787,0.49762
494.0,0.19941,0.50048
495.0,0.20104,0.50355
496.0,0.2026,0.50644
497.0,0.20396,0.50881
498.0,0.20527,0.51105
499.0,0.20658,0.51328
500.0,0.2079,0.51553
501.0,0.20921,0.51774
502.0,0.21049,0.51987
503.0,0.21173,0.52189
504.0,0.21299,0.52396
505.0,0.21433,0.52621
506.0,0.21581,0.5288
507.0,0.21734,0.53149
508.0,0.21887,0.53418
509.0,0.22041,0.53688
510.0,0.22194,0.53955
511.0,0.22347,0.54221
512.0,0.225,0.54485
513.0,0.22653,0.54749
514.0,0.22805,0.55009
515.0,0.2294,0.55227
516.0,0.23062,0.55413
517.0,0.23185,0.55601
518.0,0.23319,0.55814
519.0,0.23471,0.5607
520.0,0.23623,0.56325
521.0,0.23776,0.56581
522.0,0.23929,0.56836
523.0,0.24082,0.5709
524.0,0.24236,0.57345
525.0,0.24389,0.57597
526.0,0.24542,0.57848
527.0,0.24687,0.5808
528.0,0.24815,0.5827
529.0,0.24936,0.58444
530.0,0.25062,0.58628
531.0,0.25207,0.58856
532.0,0.25359,0.591
533.0,0.25512,0.59345
534.0,0.25665,0.59589
535.0,0.25818,0.59832
536.0,0.25971,0.60075
537.0,0.26124,0.60316
538.0,0.26278,0.60559
539.0,0.26431,0.60798
540.0,0.26584,0.61037
541.0,0.26737,0.61275
542.0,0.2689,0.61512
543.0,0.27043,0.61748
544.0,0.27196,0.61983
545.0,0.27349,0.62217
546.0,0.27502,0.62451
547.0,0.27655,0.62683
548.0,0.27808,0.62915
549.0,0.27961,0.63146
550.0,0.28114,0.63376
551.0,0.28267,0.63605
552.0,0.28421,0.63836
553.0,0.28574,0.64064
554.0,0.28727,0.64291
555.0,0.2888,0.64516
556.0,0.29033,0.64742
557.0,0.29186,0.64966
558.0,0.29339,0.65189
559.0,0.29492,0.65412
560.0,0.29645,0.65634
561.0,0.29798,0.65855
562.0,0.29951,0.66076
563.0,0.30101,0.66289
564.0,0.30232,0.66459
565.0,0.30353,0.66607
566.0,0.30477,0.66761
567.0,0.30616,0.66947
568.0,0.30768,0.67161
569.0,0.30921,0.67376
570.0,0.31074,0.67591
571.0,0.31227,0.67805
572.0,0.3138,0.68018
573.0,0.31534,0.68232
574.0,0.31687,0.68444
575.0,0.3184,0.68655
576.0,0.31993,0.68865
577.0,0.32146,0.69074
578.0,0.32299,0.69283
579.0,0.32452,0.69491
580.0,0.32606,0.697
581.0,0.32759,0.69907
582.0,0.32912,0.70113
583.0,0.33065,0.70318
584.0,0.33218,0.70522
585.0,0.33371,0.70726
586.0,0.33524,0.70929
587.0,0.33676,0.71129
588.0,0.33815,0.71301
589.0,0.33939,0.71441
590.0,0.3406,0.71575
591.0,0.34192,0.7173
592.0,0.34341,0.71921
593.0,0.34494,0.7212
594.0,0.34648,0.7232
595.0,0.34801,0.72517
596.0,0.34954,0.72714
597.0,0.35107,0.7291
598.0,0.35259,0.73103
599.0,0.35412,0.73298
600.0,0.35565,0.73492
601.0,0.35718,0.73685
602.0,0.35872,0.7388
603.0,0.36025,0.74072
604.0,0.36174,0.74255
605.0,0.36306,0.74403
606.0,0.36431,0.74536
607.0,0.36555,0.74666
608.0,0.36689,0.74817
609.0,0.36838,0.74997
610.0,0.36995,0.75193
611.0,0.37152,0.75389
612.0,0.37301,0.75568
613.0,0.37436,0.75717
614.0,0.37564,0.75852
615.0,0.3769,0.75983
616.0,0.37821,0.76123
617.0,0.37963,0.76285
618.0,0.3812,0.76477
619.0,0.38281,0.76676
620.0,0.38433,0.76856
621.0,0.38568,0.77002
622.0,0.38699,0.77139
623.0,0.3883,0.77276
624.0,0.38961,0.77413
625.0,0.39092,0.77549
626.0,0.39223,0.77684
627.0,0.39354,0.77819
628.0,0.39486,0.77956
629.0,0.39617,0.7809
630.0,0.39749,0.78226
631.0,0.399,0.78399
632.0,0.40063,0.78595
633.0,0.40221,0.7878
634.0,0.4036,0.78927
635.0,0.40491,0.79059
636.0,0.40622,0.7919
637.0,0.40753,0.79321
638.0,0.40884,0.79451
639.0,0.41015,0.79581
640.0,0.41147,0.79712
641.0,0.41278,0.79841
642.0,0.41409,0.7997
643.0,0.4154,0.80098
644.0,0.41672,0.80228
645.0,0.41803,0.80355
646.0,0.41934,0.80482
647.0,0.42065,0.80609
648.0,0.42197,0.80737
649.0,0.42328,0.80863
650.0,0.42459,0.80988
651.0,0.4259,0.81113
652.0,0.42721,0.81238
653.0,0.42852,0.81362
654.0,0.42983,0.81486
655.0,0.43115,0.81612
656.0,0.43246,0.81735
657.0,0.43377,0.81858
658.0,0.43508,0.8198
659.0,0.4364,0.82104
660.0,0.43771,0.82226
661.0,0.43902,0.82347
662.0,0.44033,0.82468
663.0,0.44165,0.82591
664.0,0.44296,0.82711
665.0,0.44427,0.82831
666.0,0.44558,0.8295
667.0,0.4469,0.83071
668.0,0.44821,0.8319
669.0,0.44952,0.83308
670.0,0.45083,0.83427
671.0,0.45214,0.83544
672.0,0.45345,0.83662
673.0,0.45476,0.83779
674.0,0.45608,0.83897
675.0,0.45739,0.84014
676.0,0.4587,0.8413
677.0,0.46001,0.84245
678.0,0.46133,0.84362
679.0,0.46264,0.84477
680.0,0.46395,0.84592
681.0,0.46528,0.8471
682.0,0.46662,0.84829
683.0,0.46795,0.84946
684.0,0.46923,0.85054
685.0,0.47045,0.85151
686.0,0.4716,0.85235
687.0,0.47271,0.85311
688.0,0.4738,0.85383
689.0,0.47491,0.85459
690.0,0.47603,0.85537
691.0,0.47716,0.85615
692.0,0.47828,0.85692
693.0,0.47941,0.85771
694.0,0.48055,0.85851
695.0,0.48182,0.85954
696.0,0.48321,0.86078
697.0,0.48459,0.862
698.0,0.48588,0.86306
699.0,0.48702,0.86385
700.0,0.48814,0.86459
701.0,0.48927,0.86536
702.0,0.49039,0.86611
703.0,0.49152,0.86687
704.0,0.49264,0.86761
705.0,0.49377,0.86836
706.0,0.4949,0.86912
707.0,0.49602,0.86985
708.0,0.49715,0.8706
709.0,0.49827,0.87133
710.0,0.4994,0.87208
711.0,0.50052,0.87281
712.0,0.50164,0.87353
713.0,0.50277,0.87427
714.0,0.50389,0.87499
715.0,0.50502,0.87573
716.0,0.50614,0.87644
717.0,0.50726,0.87716
718.0,0.50839,0.87789
719.0,0.50951,0.8786
720.0,0.51064,0.87932
721.0,0.51176,0.88003
722.0,0.51289,0.88075
723.0,0.51401,0.88145
724.0,0.51513,0.88215
725.0,0.51626,0.88287
726.0,0.51738,0.88357
727.0,0.51851,0.88428
728.0,0.51963,0.88497
729.0,0.52076,0.88568
730.0,0.52188,0.88637
731.0,0.52299,0.88704
732.0,0.52398,0.8875
733.0,0.52487,0.8878
734.0,0.52574,0.88806
735.0,0.52667,0.88842
736.0,0.52773,0.889
737.0,0.52886,0.88969
738.0,0.53003,0.89045
739.0,0.53118,0.89118
740.0,0.53225,0.89176
741.0,0.53322,0.89218
742.0,0.53413,0.8925
743.0,0.53502,0.89279
744.0,0.53596,0.89315
745.0,0.53699,0.89367
746.0,0.53814,0.89438
747.0,0.53933,0.89516
748.0,0.54049,0.89589
749.0,0.54154,0.89643
750.0,0.54248,0.89679
751.0,0.54342,0.89714
752.0,0.54436,0.8975
753.0,0.5453,0.89786
754.0,0.54623,0.89819
755.0,0.54717,0.89855
756.0,0.5481,0.89889
757.0,0.54904,0.89924
758.0,0.54998,0.89959
759.0,0.55091,0.89992
760.0,0.55185,0.90027
761.0,0.55279,0.90062
762.0,0.55373,0.90097
763.0,0.55466,0.9013
764.0,0.5556,0.90164
765.0,0.55654,0.90199
766.0,0.55748,0.90233
767.0,0.55842,0.90268
768.0,0.55935,0.903
769.0,0.56029,0.90334
770.0,0.56123,0.90368
771.0,0.56216,0.90401
772.0,0.5631,0.90435
773.0,0.56403,0.90467
774.0,0.56497,0.905
775.0,0.56591,0.90534
776.0,0.56685,0.90568
777.0,0.56778,0.90599
778.0,0.5686,0.90614
779.0,0.56932,0.90612
780.0,0.57,0.90604
781.0,0.57072,0.90602
782.0,0.57157,0.90621
783.0,0.57251,0.90654
784.0,0.57349,0.90693
785.0,0.57446,0.90731
786.0,0.57536,0.90758
787.0,0.57616,0.90768
788.0,0.57689,0.90768
789.0,0.57759,0.90763
790.0,0.57833,0.90764
791.0,0.57915,0.90778
792.0,0.5801,0.90812
793.0,0.5811,0.90854
794.0,0.58208,0.90893
795.0,0.58297,0.90917
796.0,0.58372,0.9092
797.0,0.58447,0.90922
798.0,0.58522,0.90925
799.0,0.58597,0.90927
800.0,0.58672,0.9093
801.0,0.58747,0.90933
802.0,0.58822,0.90935
803.0,0.58897,0.90938
804.0,0.58972,0.9094
805.0,0.59047,0.90943
806.0,0.59122,0.90945
807.0,0.59197,0.90948
808.0,0.59273,0.90952
809.0,0.59348,0.90954
810.0,0.59423,0.90957
811.0,0.59498,0.90959
812.0,0.59573,0.90962
813.0,0.59647,0.90963
814.0,0.59722,0.90965
815.0,0.59797,0.90968
816.0,0.59872,0.9097
817.0,0.59947,0.90973
818.0,0.60022,0.90975
819.0,0.60097,0.90978
820.0,0.60172,0.9098
821.0,0.60247,0.90983
822.0,0.60322,0.90985
823.0,0.60397,0.90988
824.0,0.60463,0.90976
825.0,0.60517,0.90947
826.0,0.60566,0.90911
827.0,0.60618,0.90879
828.0,0.60682,0.90865
829.0,0.60756,0.90866
830.0,0.60835,0.90874
831.0,0.60914,0.90883
832.0,0.60987,0.90883
833.0,0.6105,0.90867
834.0,0.61104,0.90838
835.0,0.61156,0.90807
836.0,0.6121,0.90778
837.0,0.61272,0.90762
838.0,0.61346,0.90763
839.0,0.61427,0.90774
840.0,0.61508,0.90786
841.0,0.6158,0.90784
842.0,0.61638,0.90762
843.0,0.61695,0.90738
844.0,0.61751,0.90713
845.0,0.61807,0.90687
846.0,0.61863,0.90662
847.0,0.61919,0.90637
848.0,0.61975,0.90612
849.0,0.62032,0.90589
850.0,0.62088,0.90564
851.0,0.62144,0.90539
852.0,0.622,0.90514
853.0,0.62256,0.9049
854.0,0.62313,0.90466
855.0,0.62369,0.90442
856.0,0.6242,0.9041
857.0,0.62455,0.90355
858.0,0.62484,0.90292
859.0,0.62517,0.90234
860.0,0.62564,0.90197
861.0,0.6262,0.90173
862.0,0.62676,0.90149
863.0,0.62733,0.90126
864.0,0.62789,0.90102
865.0,0.62846,0.9008
866.0,0.62907,0.90063
867.0,0.62969,0.90048
868.0,0.63026,0.90026
869.0,0.63073,0.89989
870.0,0.6311,0.89938
871.0,0.63148,0.89889
872.0,0.63185,0.89839
873.0,0.63223,0.8979
874.0,0.6326,0.8974
875.0,0.63298,0.89691
876.0,0.63335,0.89641
877.0,0.63373,0.89592
878.0,0.6341,0.89543
879.0,0.63451,0.89499
880.0,0.63509,0.89479
881.0,0.63574,0.89468
882.0,0.63636,0.89454
883.0,0.63684,0.8942
884.0,0.63722,0.89372
885.0,0.63759,0.89323
886.0,0.63797,0.89276
887.0,0.63834,0.89227
888.0,0.63872,0.89179
889.0,0.63909,0.89131
890.0,0.63947,0.89083
891.0,0.63984,0.89035
892.0,0.64022,0.88988
893.0,0.64053,0.88931
894.0,0.64069,0.88854
895.0,0.64079,0.88769
896.0,0.64093,0.88689
897.0,0.64123,0.88631
898.0,0.6416,0.88584
899.0,0.64198,0.88538
900.0,0.64235,0.8849
901.0,0.64273,0.88444
902.0,0.6431,0.88397
903.0,0.64348,0.88351
904.0,0.64385,0.88304
905.0,0.64423,0.88259
906.0,0.6446,0.88212
907.0,0.64492,0.88159
908.0,0.64512,0.88089
909.0,0.64525,0.8801
910.0,0.64538,0.87931
911.0,0.64555,0.87857
912.0,0.64574,0.87787
913.0,0.64593,0.87716
914.0,0.64612,0.87646
915.0,0.64631,0.87576
916.0,0.64649,0.87505
917.0,0.64668,0.87435
918.0,0.64687,0.87366
919.0,0.64705,0.87295
920.0,0.64724,0.87226
921.0,0.64743,0.87156
922.0,0.64762,0.87087
923.0,0.64781,0.87019
924.0,0.64799,0.86949
925.0,0.64818,0.8688
926.0,0.64837,0.86812
927.0,0.64855,0.86742
928.0,0.64874,0.86674
929.0,0.64893,0.86606
930.0,0.64911,0.86537
931.0,0.6493,0.86469
932.0,0.64949,0.86402
933.0,0.64968,0.86334
934.0,0.64987,0.86267
935.0,0.6501,0.86205
936.0,0.65034,0.86145
937.0,0.65055,0.86081
938.0,0.65068,0.86006
939.0,0.65069,0.85916
940.0,0.65069,0.85825
941.0,0.65069,0.85734
942.0,0.65069,0.85643
943.0,0.65069,0.85552
944.0,0.65069,0.85461
945.0,0.65069,0.85371
946.0,0.65069,0.8528
947.0,0.65069,0.8519
948.0,0.65069,0.85101
949.0,0.65069,0.85011
950.0,0.65069,0.84921
951.0,0.65069,0.84832
952.0,0.65069,0.84743
953.0,0.65069,0.84654
954.0,0.65069,0.84565
955.0,0.65069,0.84477
956.0,0.65069,0.84388
957.0,0.65069,0.843
958.0,0.65069,0.84212
959.0,0.65069,0.84124
960.0,0.65069,0.84037
961.0,0.65069,0.83949
962.0,0.65067,0.83859
963.0,0.65054,0.83756
964.0,0.65032,0.8364
965.0,0.65008,0.83523
966.0,0.64985,0.83407
967.0,0.64966,0.83296
968.0,0.64948,0.83187
969.0,0.64929,0.83077
970.0,0.6491,0.82967
971.0,0.64891,0.82857
972.0,0.64872,0.82748
973.0,0.64854,0.8264
974.0,0.64835,0.82531
975.0,0.64817,0.82423
976.0,0.64796,0.82312
977.0,0.64768,0.82193
978.0,0.64732,0.82063
979.0,0.64687,0.81922
980.0,0.64635,0.81773
981.0,0.64579,0.81619
982.0,0.64523,0.81465
983.0,0.64466,0.8131
984.0,0.6441,0.81157
985.0,0.64354,0.81004
986.0,0.64298,0.80851
987.0,0.64242,0.80699
988.0,0.64186,0.80547
989.0,0.64129,0.80394
990.0,0.64064,0.80232
991.0,0.63978,0.80043
992.0,0.63878,0.79837
993.0,0.63771,0.79623
994.0,0.63666,0.79412
995.0,0.63562,0.79203
996.0,0.63454,0.78989
997.0,0.63341,0.78769
998.0,0.63221,0.78541
999.0,0.63091,0.78301
1000.0,0.62946,0.78043
1001.0,0.62789,0.77771
1002.0,0.62625,0.7749
1003.0,0.62456,0.77204
1004.0,0.62276,0.76905
1005.0,0.62088,0.76596
1006.0,0.61893,0.7628
1007.0,0.61689,0.75953
1008.0,0.61444,0.75576
1009.0,0.61143,0.75131
1010.0,0.60836,0.7468
1011.0,0.6053,0.74231
1012.0,0.60224,0.73783
1013.0,0.59831,0.73229
1014.0,0.59349,0.72567
1015.0,0.5889,0.71935
1016.0,0.58431,0.71304
1017.0,0.57623,0.70249
1018.0,0.56704,0.69061
1019.0,0.55787,0.67877
1020.0,0.54868,0.66694
1021.0,0.53949,0.65512
1022.0,0.53031,0.64335
1023.0,0.52112,0.63158
1024.0,0.51194,0.61985
1025.0,0.50276,0.60814
1026.0,0.49358,0.59645
1027.0,0.48439,0.58478
1028.0,0.47521,0.57314
1029.0,0.4665,0.56209
1030.0,0.46282,0.55711
1031.0,0.45371,0.54561
1032.0,0.44453,0.53406
1033.0,0.43535,0.52252
1034.0,0.42616,0.511
1035.0,0.41698,0.49951
1036.0,0.41064,0.49144
1037.0,0.40467,0.48383
1038.0,0.39549,0.47239
1039.0,0.38728,0.46214
1040.0,0.38318,0.45681
1041.0,0.37399,0.44543
1042.0,0.36483,0.4341
1043.0,0.36097,0.42909
1044.0,0.3525,0.41862
1045.0,0.34465,0.40891
1046.0,0.34019,0.40323
1047.0,0.331,0.39197
1048.0,0.32512,0.38463
1049.0,0.31858,0.37654
