ID,time_UTC,COT,AOT,vapor_gccm,ozone_cm,geometry
US-NC3,2019-10-02 19:09:40,0.042297423,0.30230597,45.28371047973633,253.66879272460938,POINT (-76.656 35.799)
US-Mi3,2019-06-23 18:17:17,0.030059842,0.08512681,13.8988037109375,317.6297607421875,POINT (-80.637 41.8222)
US-Mi3,2019-06-27 16:35:42,0.7070313,0.15425934,35.66103744506836,332.89697265625,POINT (-80.637 41.8222)
US-Mi3,2019-06-30 15:44:10,0.004852508,0.0716876,18.353208541870117,307.3420104980469,POINT (-80.637 41.8222)
US-Mi3,2019-07-01 14:53:48,0.06347667,0.075494625,27.0150146484375,294.4317321777344,POINT (-80.637 41.8222)
US-Mi3,2019-07-08 12:22:09,0.0,0.13514704,24.96174430847168,343.7272033691406,POINT (-80.637 41.8222)
US-NC4,2020-10-05 17:19:50,0.0,0.12637666,15.273727416992188,278.6136779785156,POINT (-75.9038 35.7879)
US-Mi1,2019-06-23 18:17:17,0.030059842,0.08512681,13.8988037109375,317.6297607421875,POINT (-80.6313 41.7727)
US-Mi1,2019-06-30 15:44:10,0.004852508,0.0716876,18.353208541870117,307.3420104980469,POINT (-80.6313 41.7727)
US-Mi1,2019-07-01 14:53:48,0.06347667,0.075494625,27.0150146484375,294.4317321777344,POINT (-80.6313 41.7727)
US-Mi1,2019-07-08 12:22:09,0.0,0.13514704,24.96174430847168,343.7272033691406,POINT (-80.6313 41.7727)
US-Mi1,2019-08-25 17:08:28,0.0,0.11897892,16.17951774597168,304.4287109375,POINT (-80.6313 41.7727)
US-PFe,2019-10-09 18:18:59,0.22827157,0.09522226,11.867898941040039,292.6927490234375,POINT (-90.3004 45.9793)
US-xAB,2021-04-06 20:52:18,0.0,0.19466732,6.2869062423706055,385.591064453125,POINT (-122.3303 45.7624)
US-xAB,2021-04-13 18:34:21,0.0,0.0828071,4.534115791320801,360.7900085449219,POINT (-122.3303 45.7624)
US-xAB,2021-04-17 17:01:32,0.0,0.06945711,6.7997565269470215,311.57830810546875,POINT (-122.3303 45.7624)
US-xAB,2021-04-17 21:53:48,0.0,0.06856661,7.0809221267700195,309.29058837890625,POINT (-122.3303 45.7624)
US-xAB,2021-04-18 16:14:45,0.07348634,0.09325049,8.567503929138184,310.194580078125,POINT (-122.3303 45.7624)
US-xAB,2021-06-16 21:54:08,0.0,0.05392664,12.514604568481445,326.1636962890625,POINT (-122.3303 45.7624)
US-xAB,2021-06-20 20:21:02,0.0,0.04624551,14.760387420654297,304.40679931640625,POINT (-122.3303 45.7624)
US-xAB,2021-06-23 14:43:40,2.609375,0.19401939,20.270214080810547,319.9591064453125,POINT (-122.3303 45.7624)
US-xAB,2021-06-25 18:00:37,0.0,0.06545458,32.615543365478516,293.18707275390625,POINT (-122.3303 45.7624)
US-xAB,2021-07-26 01:38:51,0.0,0.047022108,16.140256881713867,302.2782287597656,POINT (-122.3303 45.7624)
US-xAB,2021-08-11 18:42:06,0.002979328,0.052477814,22.22756576538086,290.4338684082031,POINT (-122.3303 45.7624)
US-xAB,2021-08-15 17:09:33,0.0,0.34322873,22.602798461914062,282.9700012207031,POINT (-122.3303 45.7624)
US-xAB,2022-06-27 17:08:07,0.0,0.06927891,19.60736083984375,313.8804626464844,POINT (-122.3303 45.7624)
US-xAB,2022-07-27 01:01:57,1.4782908,0.11100061,22.078065872192383,305.7945251464844,POINT (-122.3303 45.7624)
US-xAB,2022-07-28 00:13:06,0.79497164,0.17598358,24.308284759521484,306.4608154296875,POINT (-122.3303 45.7624)
US-xAB,2022-08-03 21:47:00,0.0,0.064544,15.795197486877441,307.34979248046875,POINT (-122.3303 45.7624)
US-xAB,2022-08-07 20:09:16,0.0,0.060193747,12.855186462402344,302.3988037109375,POINT (-122.3303 45.7624)
US-HBK,2019-08-02 19:50:07,0.0013790521,0.11722719,16.935264587402344,328.3508605957031,POINT (-71.7181 43.9397)
US-HBK,2019-08-06 18:09:26,0.26660156,0.18490799,25.46114730834961,316.880126953125,POINT (-71.7181 43.9397)
US-HBK,2019-10-05 18:22:24,0.0,0.034918763,4.843209743499756,275.0169677734375,POINT (-71.7181 43.9397)
US-HBK,2021-06-10 15:27:35,0.03948975,0.05160265,14.465373039245605,322.74566650390625,POINT (-71.7181 43.9397)
US-HBK,2021-06-24 15:42:38,0.013793949,0.052102603,9.880170822143555,336.0810546875,POINT (-71.7181 43.9397)
US-HBK,2021-08-27 14:20:12,0.06250001,0.26487005,27.34137535095215,287.0010986328125,POINT (-71.7181 43.9397)
US-HBK,2022-05-01 12:28:11,0.0,0.06963381,6.941771984100342,374.45172119140625,POINT (-71.7181 43.9397)
US-Me6,2019-06-04 22:32:36,0.0,0.09690421,13.390700340270996,326.18890380859375,POINT (-121.6078 44.3233)
US-Me6,2019-06-14 23:59:11,0.032043535,0.05852371,8.027497291564941,330.3586120605469,POINT (-121.6078 44.3233)
US-Me6,2019-06-15 18:17:56,0.08288576,0.052460458,9.577533721923828,338.1407165527344,POINT (-121.6078 44.3233)
US-Me6,2019-06-17 23:07:28,7.504003e-06,0.06716194,11.15722942352295,323.9049072265625,POINT (-121.6078 44.3233)
US-Me6,2019-06-18 17:25:55,0.0,0.041913573,13.456500053405762,309.12579345703125,POINT (-121.6078 44.3233)
US-Me6,2019-06-19 16:36:33,0.0,0.047440026,5.169642448425293,324.2494201660156,POINT (-121.6078 44.3233)
US-Me6,2019-07-06 15:30:41,0.090210006,0.07739745,13.327194213867188,355.41015625,POINT (-121.6078 44.3233)
US-Me6,2019-07-29 01:24:40,0.0,0.07583895,17.725984573364258,311.7732849121094,POINT (-121.6078 44.3233)
US-Me6,2019-07-30 00:35:40,0.0,0.15809464,20.36140251159668,303.30810546875,POINT (-121.6078 44.3233)
US-Me6,2020-04-14 18:07:01,0.040222228,0.05561572,10.261056900024414,347.67388916015625,POINT (-121.6078 44.3233)
US-Me6,2020-04-19 15:48:19,0.0,0.064469784,6.516776084899902,335.5354919433594,POINT (-121.6078 44.3233)
US-Me6,2020-06-18 21:53:17,0.3525391,0.051890444,9.934915542602539,310.2410888671875,POINT (-121.6078 44.3233)
US-Me6,2020-06-22 20:18:34,0.0,0.040707257,14.19278621673584,301.9825439453125,POINT (-121.6078 44.3233)
US-Me6,2020-07-04 15:34:23,0.0,0.08094462,7.466545104980469,316.554443359375,POINT (-121.6078 44.3233)
US-Me6,2020-07-26 01:14:13,0.0,0.039677124,7.475100040435791,313.67132568359375,POINT (-121.6078 44.3233)
US-Me6,2020-08-09 01:25:42,0.0,0.042659555,18.966646194458008,301.28656005859375,POINT (-121.6078 44.3233)
US-Me6,2020-08-09 19:46:50,0.0,0.030340582,10.486320495605469,302.7557678222656,POINT (-121.6078 44.3233)
US-Me6,2020-08-13 18:13:14,0.02285767,0.03300945,9.548924446105957,305.20001220703125,POINT (-121.6078 44.3233)
US-Me6,2020-08-13 23:04:23,0.0,0.038181897,13.297789573669434,296.47265625,POINT (-121.6078 44.3233)
US-Me6,2020-09-29 23:34:05,0.0,0.058149114,8.47554874420166,251.91616821289062,POINT (-121.6078 44.3233)
US-Me6,2020-09-30 22:47:18,0.0,0.058374114,11.054073333740234,256.8347473144531,POINT (-121.6078 44.3233)
US-Me6,2020-10-03 22:02:10,0.0,0.45200032,7.158614635467529,249.74546813964844,POINT (-121.6078 44.3233)
US-Me6,2020-10-04 21:14:40,0.0,0.036254797,7.354608058929443,254.974853515625,POINT (-121.6078 44.3233)
US-Me6,2020-10-07 20:29:31,0.0,0.8422411,7.401734828948975,263.9840087890625,POINT (-121.6078 44.3233)
US-Me6,2020-10-08 19:41:44,0.00015474287,0.10058368,12.462569236755371,257.00341796875,POINT (-121.6078 44.3233)
US-Me6,2020-10-15 17:21:25,0.0,0.031335767,8.494410514831543,240.84063720703125,POINT (-121.6078 44.3233)
US-Me6,2021-04-06 20:52:18,0.0,0.105922215,5.5134687423706055,373.591064453125,POINT (-121.6078 44.3233)
US-Me6,2021-04-14 17:47:18,0.0,0.06846057,3.234081983566284,367.7695007324219,POINT (-121.6078 44.3233)
US-Me6,2021-04-15 16:59:43,0.0,0.0721437,6.968442916870117,347.2406311035156,POINT (-121.6078 44.3233)
US-Me6,2021-04-18 16:14:45,0.03222658,0.06883643,5.630003929138184,301.288330078125,POINT (-121.6078 44.3233)
US-Me6,2021-05-31 23:13:10,0.8623047,0.05767689,19.908334732055664,308.48883056640625,POINT (-121.6078 44.3233)
US-Me6,2021-06-01 22:26:12,0.0,0.06106621,15.1742582321167,304.36114501953125,POINT (-121.6078 44.3233)
US-Me6,2021-06-04 21:40:26,0.1252442,0.36393946,9.079225540161133,316.1012878417969,POINT (-121.6078 44.3233)
US-Me6,2021-06-16 17:02:05,0.0,0.056394894,9.531091690063477,310.9730529785156,POINT (-121.6078 44.3233)
US-Me6,2021-06-16 21:54:08,0.0,0.050691776,10.608354568481445,321.3238525390625,POINT (-121.6078 44.3233)
US-Me6,2021-06-17 16:14:44,0.0,0.05262688,8.465662002563477,323.2817077636719,POINT (-121.6078 44.3233)
US-Me6,2021-06-19 21:09:01,0.0,0.029894931,18.18971061706543,296.5958557128906,POINT (-121.6078 44.3233)
US-Me6,2021-06-20 20:21:02,0.0,0.085857324,15.979137420654297,298.43804931640625,POINT (-121.6078 44.3233)
US-Me6,2021-06-21 14:41:49,0.0,0.07376793,11.227513313293457,287.3489990234375,POINT (-121.6078 44.3233)
US-Me6,2021-06-24 18:48:41,0.033569336,0.04809092,9.459568977355957,313.15606689453125,POINT (-121.6078 44.3233)
US-Me6,2021-08-04 20:59:15,0.0,0.6913838,14.117425918579102,283.16644287109375,POINT (-121.6078 44.3233)
US-Me6,2021-08-11 18:42:06,0.0,0.07133768,22.38381576538086,284.1526184082031,POINT (-121.6078 44.3233)
US-Me6,2021-08-12 17:54:23,0.04974367,0.30385256,19.662010192871094,301.1067810058594,POINT (-121.6078 44.3233)
US-Me6,2021-08-16 16:21:47,0.0,0.12415338,10.55040168762207,293.4911193847656,POINT (-121.6078 44.3233)
US-Me6,2021-08-23 18:56:48,0.0,0.058722384,4.7471418380737305,308.90771484375,POINT (-121.6078 44.3233)
US-Me6,2021-08-31 15:54:40,0.0,0.027617505,6.160335063934326,296.3447265625,POINT (-121.6078 44.3233)
US-Me6,2021-09-29 22:49:22,1.2714844,0.03581962,14.712169647216797,284.14849853515625,POINT (-121.6078 44.3233)
US-Me6,2021-10-02 22:04:23,0.0,0.036358356,10.691385269165039,278.12274169921875,POINT (-121.6078 44.3233)
US-Me6,2021-10-18 20:46:48,0.0,0.06788636,9.36611270904541,307.0542297363281,POINT (-121.6078 44.3233)
US-Me6,2022-05-01 15:33:34,0.0,0.09865729,6.69769287109375,350.1634521484375,POINT (-121.6078 44.3233)
US-Me6,2022-06-26 17:56:55,0.0,0.041824758,13.148027420043945,311.7576904296875,POINT (-121.6078 44.3233)
US-Me6,2022-06-27 17:08:59,0.0,0.044150893,11.622676849365234,309.4955749511719,POINT (-121.6078 44.3233)
US-Me6,2022-06-30 16:21:19,0.43706378,0.06332244,9.730339050292969,328.56048583984375,POINT (-121.6078 44.3233)
US-NC2,2021-11-29 19:05:30,0.0,0.04139802,4.927638053894043,328.6734619140625,POINT (-76.6685 35.803)
US-NC2,2022-02-11 13:53:54,0.006301882,0.05667625,9.383343696594238,313.2059326171875,POINT (-76.6685 35.803)
US-NC2,2022-04-02 18:01:52,0.0,0.12128441,8.789278030395508,342.5218505859375,POINT (-76.6685 35.803)
US-NC2,2022-04-20 18:06:06,0.0,0.13884898,10.543746948242188,324.2528991699219,POINT (-76.6685 35.803)
US-NC2,2022-04-23 17:17:08,0.0,0.17589945,23.729583740234375,297.95556640625,POINT (-76.6685 35.803)
US-NC2,2022-06-06 16:22:30,0.0,0.12539658,19.06259536743164,338.5345153808594,POINT (-76.6685 35.803)
US-NC2,2022-08-02 17:51:00,0.04525679,0.12646377,37.846920013427734,306.95709228515625,POINT (-76.6685 35.803)
US-NC2,2022-11-28 19:02:46,0.0,0.06491907,16.0018310546875,255.92349243164062,POINT (-76.6685 35.803)
US-NC2,2023-03-23 21:29:29,0.0034690155,0.12612794,27.82453155517578,270.43572998046875,POINT (-76.6685 35.803)
US-NC2,2023-04-12 13:34:09,0.0,0.08700144,12.409027099609375,328.6950378417969,POINT (-76.6685 35.803)
US-NC2,2023-04-18 18:29:45,0.0,0.107279815,7.600976467132568,300.83172607421875,POINT (-76.6685 35.803)
US-NC2,2023-06-10 21:21:01,0.00031243206,0.40315902,19.99890899658203,334.32171630859375,POINT (-76.6685 35.803)
US-Whs,2019-02-17 23:19:38,0.0,0.035498977,3.1983888149261475,287.9139404296875,POINT (-110.0522 31.7438)
US-Whs,2019-05-26 00:20:14,0.0,0.06387281,7.759775161743164,307.25762939453125,POINT (-110.0522 31.7438)
US-Whs,2019-06-01 21:47:09,0.92089856,0.15591668,13.4234037399292,297.0810546875,POINT (-110.0522 31.7438)
US-Whs,2019-06-05 20:05:56,0.0,0.0898747,11.875079154968262,313.36090087890625,POINT (-110.0522 31.7438)
US-Whs,2019-06-20 14:10:26,0.0,0.07242478,7.811928749084473,322.49163818359375,POINT (-110.0522 31.7438)
US-Whs,2019-06-20 22:19:23,0.0,0.071351714,5.410593032836914,313.2769470214844,POINT (-110.0522 31.7438)
US-Whs,2019-07-09 14:43:24,0.0,0.06887253,17.67372703552246,289.3526611328125,POINT (-110.0522 31.7438)
US-Whs,2019-10-01 21:28:22,26.875,0.0429365,15.90268325805664,253.71932983398438,POINT (-110.0522 31.7438)
US-Whs,2019-10-05 19:51:04,0.0,0.04389093,14.050209045410156,266.5247497558594,POINT (-110.0522 31.7438)
US-Whs,2019-10-09 18:13:47,0.0,0.039802335,7.821023464202881,274.1927490234375,POINT (-110.0522 31.7438)
US-Whs,2019-10-21 21:30:47,0.0,0.041583367,6.08809232711792,275.8265686035156,POINT (-110.0522 31.7438)
US-Whs,2019-10-25 19:53:07,0.0,0.040699355,4.599386215209961,286.500732421875,POINT (-110.0522 31.7438)
US-Whs,2019-11-01 17:26:01,0.1157227,0.036317743,4.819035053253174,288.8529052734375,POINT (-110.0522 31.7438)
US-Whs,2019-12-01 21:08:54,0.0,0.02831623,5.39471960067749,272.97076416015625,POINT (-110.0522 31.7438)
US-Whs,2019-12-12 17:05:38,0.0,0.02440188,7.174560070037842,269.8831787109375,POINT (-110.0522 31.7438)
US-Whs,2020-01-01 17:12:04,0.030273557,0.033178568,6.307938098907471,335.6700439453125,POINT (-110.0522 31.7438)
US-Whs,2020-01-31 21:13:25,0.0,0.028631818,0.08323561400175095,306.8246765136719,POINT (-110.0522 31.7438)
US-Whs,2020-02-08 18:06:24,0.0,0.02866279,0.06374403089284897,278.3346862792969,POINT (-110.0522 31.7438)
US-Whs,2020-02-25 19:14:05,0.0,0.038930517,0.16180607676506042,295.661865234375,POINT (-110.0522 31.7438)
US-Whs,2020-03-30 21:50:45,0.0057067876,0.060681988,4.088881969451904,296.3357238769531,POINT (-110.0522 31.7438)
US-Whs,2020-04-15 15:42:56,0.0,0.051274344,2.6277592182159424,337.51422119140625,POINT (-110.0522 31.7438)
US-Whs,2020-04-20 21:33:22,0.120117225,0.09040105,9.795372009277344,309.2889709472656,POINT (-110.0522 31.7438)
US-Whs,2020-04-28 18:25:03,0.0,0.0696562,6.690340042114258,312.5728454589844,POINT (-110.0522 31.7438)
US-Whs,2020-05-02 16:50:41,0.0,0.081010684,9.816723823547363,301.4620056152344,POINT (-110.0522 31.7438)
US-Whs,2020-05-06 15:16:26,0.0,0.061586138,7.0880866050720215,285.16094970703125,POINT (-110.0522 31.7438)
US-Whs,2020-05-25 00:02:21,0.0,0.09080664,9.23119068145752,320.1700744628906,POINT (-110.0522 31.7438)
US-Whs,2020-05-28 22:27:53,0.0,0.07923969,13.781853675842285,299.1280822753906,POINT (-110.0522 31.7438)
US-Whs,2020-06-09 17:44:28,0.0,0.06164157,3.018920421600342,292.86151123046875,POINT (-110.0522 31.7438)
US-Whs,2020-06-17 14:35:12,0.0,0.044849835,9.6747407913208,297.7439880371094,POINT (-110.0522 31.7438)
US-Whs,2020-06-17 22:44:21,0.0,0.05932082,12.422642707824707,296.9654541015625,POINT (-110.0522 31.7438)
US-Whs,2020-06-21 21:10:13,0.0,0.11894667,7.975931644439697,303.22821044921875,POINT (-110.0522 31.7438)
US-Whs,2020-09-26 22:42:08,0.0,0.10088876,15.38943099975586,266.6361389160156,POINT (-110.0522 31.7438)
US-Whs,2020-09-30 21:10:05,0.0,0.068811126,7.753922462463379,277.2430419921875,POINT (-110.0522 31.7438)
US-Whs,2020-10-01 20:23:04,0.0,0.0632095,6.097222805023193,272.86260986328125,POINT (-110.0522 31.7438)
US-Whs,2020-10-05 18:50:41,0.15454105,0.09582555,6.797165393829346,282.8636779785156,POINT (-110.0522 31.7438)
US-Whs,2020-10-17 22:18:32,0.17626955,0.071422935,10.071459770202637,273.3449401855469,POINT (-110.0522 31.7438)
US-Whs,2020-11-28 21:43:31,0.0,0.029362252,3.1144981384277344,266.18060302734375,POINT (-110.0522 31.7438)
US-Whs,2020-12-02 20:10:10,0.0,0.021087058,3.0897464752197266,286.9371032714844,POINT (-110.0522 31.7438)
US-Whs,2020-12-06 18:36:35,0.0,0.020895744,3.5105626583099365,263.3337707519531,POINT (-110.0522 31.7438)
US-Whs,2020-12-19 21:18:06,0.0,0.020737533,2.670508623123169,279.3555603027344,POINT (-110.0522 31.7438)
US-Whs,2021-01-30 20:45:39,0.0,0.017750988,6.427525043487549,262.2165222167969,POINT (-110.0522 31.7438)
US-Whs,2021-02-11 16:07:23,0.0,0.03344795,7.677267551422119,288.53173828125,POINT (-110.0522 31.7438)
US-Whs,2021-02-20 20:24:19,0.0,0.020071248,7.059031963348389,256.5993347167969,POINT (-110.0522 31.7438)
US-Whs,2021-02-24 18:51:27,0.0,0.030270549,2.1407692432403564,261.7653503417969,POINT (-110.0522 31.7438)
US-Whs,2021-02-28 17:18:17,0.0,0.072891906,3.06990647315979,310.5328674316406,POINT (-110.0522 31.7438)
US-Whs,2021-03-30 21:32:40,0.0,0.07838047,4.193922996520996,336.694580078125,POINT (-110.0522 31.7438)
US-Whs,2021-04-03 20:00:03,0.007049561,0.0642391,7.843088150024414,287.5530090332031,POINT (-110.0522 31.7438)
US-Whs,2021-04-04 19:13:14,0.0,0.08120024,7.457890033721924,284.255615234375,POINT (-110.0522 31.7438)
US-Whs,2021-04-07 18:27:32,0.053161696,0.05880957,3.517155647277832,288.3721923828125,POINT (-110.0522 31.7438)
US-Whs,2021-04-08 17:40:46,0.048706062,0.053695746,7.321916103363037,283.9621887207031,POINT (-110.0522 31.7438)
US-Whs,2021-04-20 21:12:43,0.0,0.06315979,4.608160972595215,311.8320007324219,POINT (-110.0522 31.7438)
US-Whs,2021-04-24 19:40:01,0.0,0.069298945,6.245891094207764,305.3162841796875,POINT (-110.0522 31.7438)
US-Whs,2021-05-02 16:34:22,0.0,0.056036737,4.656237602233887,301.6880187988281,POINT (-110.0522 31.7438)
US-Whs,2021-05-06 15:01:30,0.0,0.081571944,9.813414573669434,294.8464050292969,POINT (-110.0522 31.7438)
US-Whs,2021-05-29 21:34:33,0.009811425,0.055617303,5.346122741699219,302.92205810546875,POINT (-110.0522 31.7438)
US-Whs,2021-06-06 18:29:04,0.0,0.070149064,13.16948413848877,310.8717041015625,POINT (-110.0522 31.7438)
US-Whs,2021-06-10 16:56:09,2.9075876e-05,0.034787465,7.473825931549072,283.5937805175781,POINT (-110.0522 31.7438)
US-Whs,2021-06-26 18:54:55,0.0,0.04674962,14.73653507232666,290.5843200683594,POINT (-110.0522 31.7438)
US-Whs,2021-10-12 15:47:10,0.6220703,0.084892765,8.837428092956543,286.916748046875,POINT (-110.0522 31.7438)
US-Whs,2021-10-28 17:49:00,0.0,0.028709274,6.032120227813721,251.18643188476562,POINT (-110.0522 31.7438)
US-Whs,2022-01-30 20:11:36,0.0,0.038624533,5.7912917137146,332.5145263671875,POINT (-110.0522 31.7438)
US-Whs,2022-02-10 16:12:35,0.0,0.03907911,3.7127530574798584,328.90423583984375,POINT (-110.0522 31.7438)
US-Whs,2022-02-15 21:57:44,0.0,0.031764217,2.663680076599121,270.3459777832031,POINT (-110.0522 31.7438)
US-Whs,2022-02-18 21:09:32,0.0,0.029425887,2.769124984741211,260.9247741699219,POINT (-110.0522 31.7438)
US-Whs,2022-03-02 16:22:39,0.0,0.041301418,5.043269157409668,276.54302978515625,POINT (-110.0522 31.7438)
US-Whs,2022-04-01 20:20:18,0.0,0.061374955,7.283971786499023,329.02362060546875,POINT (-110.0522 31.7438)
US-Whs,2022-04-05 18:44:28,0.0,0.05756889,8.933969497680664,310.14349365234375,POINT (-110.0522 31.7438)
US-Whs,2022-04-09 17:07:37,0.0,0.06155064,4.356558322906494,301.4578857421875,POINT (-110.0522 31.7438)
US-Whs,2022-04-13 15:30:45,0.0,0.05692745,1.3905377388000488,320.890380859375,POINT (-110.0522 31.7438)
US-Whs,2022-04-17 22:03:08,0.0072104447,0.08089774,2.6524152755737305,280.355224609375,POINT (-110.0522 31.7438)
US-Whs,2022-04-21 20:26:15,0.0,0.046789583,5.918107509613037,296.07037353515625,POINT (-110.0522 31.7438)
US-Whs,2022-04-25 18:49:19,0.0,0.15083602,3.4537925720214844,304.4726867675781,POINT (-110.0522 31.7438)
US-Whs,2022-04-29 17:13:52,0.0,0.076249816,2.492311477661133,309.74688720703125,POINT (-110.0522 31.7438)
US-Whs,2022-05-25 22:41:05,0.0,0.08820522,8.702713966369629,305.770751953125,POINT (-110.0522 31.7438)
US-Whs,2022-05-29 21:05:31,0.0,0.12860298,10.24897575378418,299.7271728515625,POINT (-110.0522 31.7438)
US-Whs,2022-06-05 18:41:27,0.03298093,0.078036174,7.811130046844482,299.6247253417969,POINT (-110.0522 31.7438)
US-SRM,2019-02-28 18:44:52,0.012924199,0.040815637,6.628819942474365,232.9635009765625,POINT (-110.8661 31.8214)
US-SRM,2019-05-26 00:20:14,0.0,0.07211255,5.837900161743164,313.60137939453125,POINT (-110.8661 31.8214)
US-SRM,2019-06-01 21:47:09,0.0,0.09817741,16.095279693603516,304.0498046875,POINT (-110.8661 31.8214)
US-SRM,2019-06-05 20:05:56,0.0,0.08181806,11.093829154968262,309.07476806640625,POINT (-110.8661 31.8214)
US-SRM,2019-06-08 19:13:56,0.014404387,0.074812986,9.280269622802734,312.8232727050781,POINT (-110.8661 31.8214)
US-SRM,2019-06-20 22:19:23,0.0,0.06829996,5.738718032836914,312.5201110839844,POINT (-110.8661 31.8214)
US-SRM,2019-08-13 17:05:04,0.0,0.04821473,19.254329681396484,281.1775207519531,POINT (-110.8661 31.8214)
US-SRM,2019-10-01 21:28:22,0.019226078,0.051298317,14.85580825805664,255.03182983398438,POINT (-110.8661 31.8214)
US-SRM,2019-10-09 18:13:47,0.0,0.042670988,8.914773941040039,275.1927490234375,POINT (-110.8661 31.8214)
US-SRM,2019-10-16 15:47:01,0.0,0.041230123,8.125927925109863,288.54290771484375,POINT (-110.8661 31.8214)
US-SRM,2019-10-21 21:29:55,0.0,0.04115612,6.63496732711792,275.7015686035156,POINT (-110.8661 31.8214)
US-SRM,2019-10-25 19:52:15,0.0,0.0421642,4.724386215209961,286.500732421875,POINT (-110.8661 31.8214)
US-SRM,2019-12-05 19:31:55,0.4829102,0.031335108,11.207392692565918,282.6254577636719,POINT (-110.8661 31.8214)
US-SRM,2020-03-30 21:50:45,0.010360718,0.06788414,4.338881969451904,300.2419738769531,POINT (-110.8661 31.8214)
US-SRM,2020-04-03 20:18:21,0.0,0.0667184,8.57728099822998,327.1959533691406,POINT (-110.8661 31.8214)
US-SRM,2020-04-15 15:42:56,0.0,0.052922294,3.1941654682159424,341.13922119140625,POINT (-110.8661 31.8214)
US-SRM,2020-04-28 18:25:03,0.0,0.086868115,6.448152542114258,314.0415954589844,POINT (-110.8661 31.8214)
US-SRM,2020-05-06 15:16:26,0.0,0.05688643,4.9630866050720215,286.66094970703125,POINT (-110.8661 31.8214)
US-SRM,2020-05-25 00:02:21,0.0,0.08921973,8.98119068145752,321.3731994628906,POINT (-110.8661 31.8214)
US-SRM,2020-05-28 22:27:53,0.0,0.077774845,12.766228675842285,301.5987854003906,POINT (-110.8661 31.8214)
US-SRM,2020-06-09 17:44:28,0.0,0.07085788,3.194701671600342,293.89276123046875,POINT (-110.8661 31.8214)
US-SRM,2020-06-17 14:35:12,0.0,0.050159894,6.846615314483643,295.9002380371094,POINT (-110.8661 31.8214)
US-SRM,2020-06-17 22:44:21,0.0,0.079950705,10.407017707824707,300.1373291015625,POINT (-110.8661 31.8214)
US-SRM,2020-06-21 21:10:13,0.0,0.13017714,12.194682121276855,303.94696044921875,POINT (-110.8661 31.8214)
US-SRM,2020-06-25 19:35:33,0.0,0.057809386,13.724756240844727,287.16644287109375,POINT (-110.8661 31.8214)
US-SRM,2020-09-30 21:10:05,0.0,0.08071298,8.347672462463379,277.4930419921875,POINT (-110.8661 31.8214)
US-SRM,2020-10-04 19:37:26,0.0,0.08822252,6.245233058929443,279.974853515625,POINT (-110.8661 31.8214)
US-SRM,2020-10-08 18:04:32,0.0,0.0877663,8.792193412780762,258.9044189453125,POINT (-110.8661 31.8214)
US-SRM,2020-10-12 16:30:30,0.0,0.053907678,12.42483139038086,267.828125,POINT (-110.8661 31.8214)
US-SRM,2020-10-17 22:18:32,0.17846681,0.06995809,10.055834770202637,273.5949401855469,POINT (-110.8661 31.8214)
US-SRM,2020-10-21 20:43:41,0.0456543,0.080076516,10.155369758605957,277.1295166015625,POINT (-110.8661 31.8214)
US-SRM,2020-11-28 21:43:31,0.0,0.02725654,2.5519981384277344,264.93060302734375,POINT (-110.8661 31.8214)
US-SRM,2020-12-02 20:10:10,0.0,0.020324118,2.8084964752197266,284.6871032714844,POINT (-110.8661 31.8214)
US-SRM,2020-12-19 21:17:14,0.0,0.024460677,2.861914873123169,282.2305603027344,POINT (-110.8661 31.8214)
US-SRM,2021-01-30 20:45:39,0.0,0.023198375,6.872837543487549,265.5915222167969,POINT (-110.8661 31.8214)
US-SRM,2021-02-03 19:13:00,0.060669005,0.046083514,15.26924991607666,247.83053588867188,POINT (-110.8661 31.8214)
US-SRM,2021-02-11 16:07:23,0.0,0.033814162,7.185080051422119,285.37548828125,POINT (-110.8661 31.8214)
US-SRM,2021-02-28 17:17:25,0.0,0.07435675,3.14021897315979,316.8141174316406,POINT (-110.8661 31.8214)
US-SRM,2021-02-28 17:18:17,0.0,0.07435675,3.14021897315979,316.8141174316406,POINT (-110.8661 31.8214)
US-SRM,2021-03-26 23:05:27,8.859375,0.09023784,9.820415496826172,350.1913146972656,POINT (-110.8661 31.8214)
US-SRM,2021-03-30 21:32:40,0.0,0.07789219,3.565016508102417,335.069580078125,POINT (-110.8661 31.8214)
US-SRM,2021-04-20 21:12:43,0.0,0.067432255,4.490973472595215,311.7695007324219,POINT (-110.8661 31.8214)
US-SRM,2021-05-25 23:07:18,0.08532715,0.079603806,6.893436431884766,308.445556640625,POINT (-110.8661 31.8214)
US-SRM,2021-05-29 21:34:33,0.0176697,0.059706658,4.369560241699219,303.10955810546875,POINT (-110.8661 31.8214)
US-SRM,2021-06-06 18:29:04,0.0,0.07271254,11.07573413848877,310.9342041015625,POINT (-110.8661 31.8214)
US-SRM,2021-06-26 18:54:55,0.0,0.047848254,13.50216007232666,291.3968200683594,POINT (-110.8661 31.8214)
US-SRM,2021-08-21 20:34:58,0.0,0.06684461,16.30625343322754,285.45318603515625,POINT (-110.8661 31.8214)
US-SRM,2021-10-28 17:49:00,0.0,0.02989946,6.813370227813721,253.93643188476562,POINT (-110.8661 31.8214)
US-SRM,2021-12-02 19:51:11,0.0,0.029003976,11.015458106994629,258.92327880859375,POINT (-110.8661 31.8214)
US-SRM,2021-12-23 19:29:22,0.0003366545,0.019090915,19.37582015991211,254.72793579101562,POINT (-110.8661 31.8214)
US-SRM,2022-01-25 22:35:11,0.0,0.03349924,5.852602958679199,305.4602966308594,POINT (-110.8661 31.8214)
US-SRM,2022-01-29 20:59:19,0.0,0.02170958,7.577740669250488,315.8851013183594,POINT (-110.8661 31.8214)
US-SRM,2022-02-10 16:11:44,0.0,0.03798048,3.7166593074798584,330.27923583984375,POINT (-110.8661 31.8214)
US-SRM,2022-02-22 19:33:44,0.0,0.04081264,5.559168815612793,322.8446350097656,POINT (-110.8661 31.8214)
US-SRM,2022-03-02 16:22:39,0.0,0.042216945,5.273737907409668,278.18267822265625,POINT (-110.8661 31.8214)
US-SRM,2022-04-01 20:20:18,0.0,0.060245804,8.078893661499023,328.21893310546875,POINT (-110.8661 31.8214)
US-SRM,2022-04-05 18:44:28,0.0,0.065350875,9.641000747680664,309.51654052734375,POINT (-110.8661 31.8214)
US-SRM,2022-04-09 17:07:37,0.0,0.0638242,4.719839572906494,300.8719482421875,POINT (-110.8661 31.8214)
US-SRM,2022-04-17 22:03:08,0.007889461,0.08319419,3.1172590255737305,279.456787109375,POINT (-110.8661 31.8214)
US-SRM,2022-04-21 20:26:15,0.0,0.05148929,7.034318447113037,295.2595520019531,POINT (-110.8661 31.8214)
US-SRM,2022-04-25 18:49:19,0.0,0.13850692,3.8932456970214844,302.9971008300781,POINT (-110.8661 31.8214)
US-SRM,2022-04-29 17:13:52,0.0,0.083184935,3.373170852661133,308.95001220703125,POINT (-110.8661 31.8214)
US-SRM,2022-05-06 14:49:08,0.0,0.068971984,4.577038764953613,305.43939208984375,POINT (-110.8661 31.8214)
US-SRM,2022-05-25 22:41:05,0.0,0.085336566,9.081620216369629,300.391357421875,POINT (-110.8661 31.8214)
US-SRM,2022-06-01 20:17:13,0.0,0.0670484,7.536343574523926,290.5804443359375,POINT (-110.8661 31.8214)
US-PFr,2019-08-21 18:44:18,0.6181641,0.07722742,14.552233695983887,312.3879699707031,POINT (-90.2475 45.9245)
US-PFr,2019-10-09 18:18:59,0.22827157,0.09522226,11.867898941040039,292.6927490234375,POINT (-90.2475 45.9245)
US-NR3,2019-08-28 17:51:24,0.0,0.033754952,4.587610721588135,282.0562744140625,POINT (-105.5864 40.052)
US-NR3,2019-09-01 16:13:09,0.0,0.047233727,9.083361625671387,277.10455322265625,POINT (-105.5864 40.052)
CA-Cbo,2020-06-15 14:41:02,0.0,0.089485586,9.254324913024902,345.6949462890625,POINT (-79.9333 44.3167)
CA-Cbo,2020-06-18 18:46:08,0.0,0.07170864,24.515031814575195,333.1593933105469,POINT (-79.9333 44.3167)
US-ONA,2019-01-29 20:16:33,0.9091797,0.049251612,17.786453247070312,263.0999755859375,POINT (-81.9509 27.3836)
US-ONA,2019-05-30 20:16:31,0.0,0.10651397,21.979366302490234,287.3087463378906,POINT (-81.9509 27.3836)
US-ONA,2019-12-06 17:10:19,0.04559326,0.0759946,21.127702713012695,276.1679382324219,POINT (-81.9509 27.3836)
US-ONA,2020-01-25 21:11:54,0.0,0.044130523,8.4175386428833,273.4510192871094,POINT (-81.9509 27.3836)
US-ONA,2020-03-28 20:16:13,0.0,0.09669513,17.687498092651367,270.54205322265625,POINT (-81.9509 27.3836)
US-ONA,2020-04-01 18:43:07,0.0,0.0866133,9.063977241516113,291.0736083984375,POINT (-81.9509 27.3836)
US-ONA,2020-08-08 15:47:20,7.9921875,0.14754552,51.40885925292969,278.44970703125,POINT (-81.9509 27.3836)
US-ONA,2021-04-09 15:20:06,0.0,0.12650241,20.505578994750977,288.72332763671875,POINT (-81.9509 27.3836)
US-ONA,2021-04-13 13:47:36,0.0,0.07994607,11.985465049743652,289.3406066894531,POINT (-81.9509 27.3836)
US-ONA,2021-12-27 16:22:26,0.0,0.04811363,17.767940521240234,259.58087158203125,POINT (-81.9509 27.3836)
US-Rls,2019-06-09 20:02:08,0.00033618396,0.06977338,7.489702224731445,339.1003723144531,POINT (-116.7356 43.1439)
US-Rls,2019-06-15 00:00:03,0.057739273,0.07616643,10.511872291564941,343.5148620605469,POINT (-116.7356 43.1439)
US-Rls,2019-06-19 16:37:25,0.15161148,0.053238366,11.997767448425293,316.2884826660156,POINT (-116.7356 43.1439)
US-Rls,2019-06-22 20:37:33,0.21923837,0.08689037,8.938307762145996,358.26519775390625,POINT (-116.7356 43.1439)
US-Rls,2019-06-23 14:56:03,0.0,0.06453258,13.05451774597168,334.79052734375,POINT (-116.7356 43.1439)
US-Rls,2019-07-03 16:22:47,0.028930675,0.060604528,10.91601848602295,354.58489990234375,POINT (-116.7356 43.1439)
US-Rls,2019-08-16 22:44:36,0.0,0.057193488,7.985564231872559,312.71002197265625,POINT (-116.7356 43.1439)
US-Rls,2019-08-17 17:03:47,0.07946778,0.09149823,10.964324951171875,315.77825927734375,POINT (-116.7356 43.1439)
US-Rls,2019-08-19 21:55:09,0.0,0.08179844,13.999116897583008,299.269775390625,POINT (-116.7356 43.1439)
US-Rls,2019-08-23 20:16:03,0.06713889,0.101256326,13.930127143859863,298.648681640625,POINT (-116.7356 43.1439)
US-Rls,2019-08-27 18:38:21,0.0,0.047092065,8.598240852355957,286.0411376953125,POINT (-116.7356 43.1439)
US-Rls,2020-04-12 18:05:38,0.0,0.1190007,2.7331676483154297,369.44256591796875,POINT (-116.7356 43.1439)
US-Rls,2020-04-13 23:47:56,0.0,0.082289204,2.8930885791778564,387.7742614746094,POINT (-116.7356 43.1439)
US-Rls,2020-04-17 22:16:05,0.0,0.08068335,3.865689516067505,369.5634460449219,POINT (-116.7356 43.1439)
US-Rls,2020-05-29 00:06:03,16.59375,0.050934125,21.56241798400879,299.9725341796875,POINT (-116.7356 43.1439)
US-Rls,2020-06-23 19:31:29,0.19873047,0.05524164,13.76640510559082,295.4261474609375,POINT (-116.7356 43.1439)
US-Rls,2020-07-05 14:47:17,0.0,0.08836034,13.1397123336792,297.62017822265625,POINT (-116.7356 43.1439)
US-Rls,2020-07-27 00:26:56,0.0,0.11046001,11.828322410583496,294.82373046875,POINT (-116.7356 43.1439)
US-Rls,2020-08-03 21:19:08,0.0,0.14480276,14.133015632629395,296.57025146484375,POINT (-116.7356 43.1439)
US-Rls,2020-08-06 20:33:23,0.0,0.098338395,18.229900360107422,305.55316162109375,POINT (-116.7356 43.1439)
US-Rls,2020-08-07 19:45:46,0.0,0.054538094,4.953568935394287,315.3321838378906,POINT (-116.7356 43.1439)
US-Rls,2020-08-10 00:39:02,0.0,0.029315732,11.9993314743042,301.3875732421875,POINT (-116.7356 43.1439)
US-Rls,2020-08-10 18:59:51,0.0,0.054102883,12.168760299682617,294.926025390625,POINT (-116.7356 43.1439)
US-Rls,2020-08-14 17:26:16,0.0,0.03520515,10.23166275024414,291.94158935546875,POINT (-116.7356 43.1439)
US-Rls,2020-08-15 16:38:38,0.065918,0.037987836,18.784385681152344,286.28411865234375,POINT (-116.7356 43.1439)
US-Rls,2020-08-18 15:52:41,0.04492188,0.12633552,22.724302291870117,276.6283874511719,POINT (-116.7356 43.1439)
US-Rls,2020-08-28 17:39:18,0.0,0.42743108,12.470243453979492,294.43865966796875,POINT (-116.7356 43.1439)
US-Rls,2020-08-29 16:50:58,0.0,0.28735435,10.38720703125,287.329345703125,POINT (-116.7356 43.1439)
US-Rls,2020-10-01 22:00:29,0.0,0.27116364,6.401910305023193,256.86260986328125,POINT (-116.7356 43.1439)
US-Rls,2020-10-05 20:28:08,0.0,0.07409704,9.601083755493164,254.70101928710938,POINT (-116.7356 43.1439)
US-Rls,2020-10-15 22:14:14,0.0,0.03682873,9.088834762573242,247.78106689453125,POINT (-116.7356 43.1439)
US-Rls,2020-10-22 19:53:47,0.0025177214,0.039946288,3.4466068744659424,260.3133544921875,POINT (-116.7356 43.1439)
US-Rls,2020-10-27 17:31:01,0.0,0.033455096,7.162436485290527,245.11285400390625,POINT (-116.7356 43.1439)
US-Rls,2020-12-10 18:41:01,0.0,0.04501692,2.6021625995635986,331.0941162109375,POINT (-116.7356 43.1439)
US-Rls,2020-12-24 18:53:47,0.00031948296,0.02274176,2.9046871662139893,310.90802001953125,POINT (-116.7356 43.1439)
US-Rls,2021-03-27 23:56:03,0.0,0.08640284,7.0283684730529785,299.510009765625,POINT (-116.7356 43.1439)
US-Rls,2021-03-31 22:23:16,0.0,0.0942598,4.188631057739258,308.304931640625,POINT (-116.7356 43.1439)
US-Rls,2021-04-18 21:07:44,0.13867189,0.09402303,5.753562927246094,299.04644775390625,POINT (-116.7356 43.1439)
US-Rls,2021-05-29 23:12:18,0.036071803,0.05677697,8.284117698669434,362.7734375,POINT (-116.7356 43.1439)
US-Rls,2021-06-02 21:39:32,0.0,0.044441164,12.24659538269043,300.6841735839844,POINT (-116.7356 43.1439)
US-Rls,2021-06-06 20:06:48,0.047973637,0.052509904,9.560246467590332,320.3817443847656,POINT (-116.7356 43.1439)
US-UMd,2019-06-02 21:03:49,0.0,0.0894632,7.8157782554626465,421.5068359375,POINT (-84.6975 45.5625)
US-UMd,2019-06-27 16:34:50,0.0030022177,0.069786675,19.098535537719727,341.67822265625,POINT (-84.6975 45.5625)
US-UMd,2019-07-08 12:21:17,0.0,0.43275446,12.649243354797363,332.0084533691406,POINT (-84.6975 45.5625)
US-UMd,2019-08-14 21:13:29,0.0,0.0800511,17.323619842529297,329.71746826171875,POINT (-84.6975 45.5625)
US-UMd,2020-06-02 20:11:48,7.84375,0.1517582,32.455387115478516,322.5678405761719,POINT (-84.6975 45.5625)
US-UMd,2020-06-25 16:24:10,0.0,0.06876645,16.3392276763916,346.89971923828125,POINT (-84.6975 45.5625)
US-UMd,2020-06-29 14:49:24,0.7988282,0.06862692,25.753868103027344,315.54296875,POINT (-84.6975 45.5625)
US-UMd,2020-06-30 14:01:06,0.0,0.13112469,29.180017471313477,311.570068359375,POINT (-84.6975 45.5625)
US-UMd,2020-08-11 16:41:02,0.0,0.04897352,12.619061470031738,319.11724853515625,POINT (-84.6975 45.5625)
US-UMd,2021-05-29 21:40:37,0.0,0.08424279,6.408622741699219,350.22674560546875,POINT (-84.6975 45.5625)
US-UMd,2021-06-19 13:09:43,0.0,0.10359191,22.313318252563477,368.2573547363281,POINT (-84.6975 45.5625)
US-UMd,2021-08-13 15:36:19,1.6738281,0.08698536,17.027902603149414,306.6715087890625,POINT (-84.6975 45.5625)
US-UMd,2021-08-13 20:28:36,0.0,0.067662925,16.62384796142578,310.2157287597656,POINT (-84.6975 45.5625)
US-UMd,2021-08-14 19:41:14,0.0,0.09192633,16.443050384521484,322.8822021484375,POINT (-84.6975 45.5625)
US-UMd,2021-08-26 15:05:28,6.8108275e-05,0.33288786,21.509387969970703,288.0498962402344,POINT (-84.6975 45.5625)
US-PFn,2019-10-09 18:18:59,0.22827157,0.09522226,11.867898941040039,292.6927490234375,POINT (-90.2823 45.9392)
US-HB3,2020-01-28 20:28:17,0.0,0.07122261,10.150405883789062,303.36956787109375,POINT (-79.2322 33.3482)
US-HB3,2020-04-08 16:28:14,0.11047363,0.1467183,30.41886329650879,304.0863952636719,POINT (-79.2322 33.3482)
US-HB3,2021-04-26 16:32:43,0.0,0.12172925,13.519423484802246,343.7990417480469,POINT (-79.2322 33.3482)
US-HB3,2021-08-31 14:26:34,0.010742207,0.21279824,34.050960540771484,298.2197265625,POINT (-79.2322 33.3482)
US-HB3,2022-03-29 19:36:41,4.2578154,0.26578432,18.51054573059082,336.1524353027344,POINT (-79.2322 33.3482)
US-HB3,2022-04-10 14:48:08,0.0,0.0915402,8.107209205627441,322.76275634765625,POINT (-79.2322 33.3482)
US-HB3,2022-04-15 20:31:58,0.0022454872,0.12006122,13.734955787658691,318.7387390136719,POINT (-79.2322 33.3482)
US-HB3,2022-04-19 18:54:22,0.0,0.107948154,6.318207740783691,322.74700927734375,POINT (-79.2322 33.3482)
US-HB3,2022-04-22 18:05:32,0.0,0.20267744,22.15829849243164,297.03436279296875,POINT (-79.2322 33.3482)
US-HB3,2022-04-23 17:17:08,38.360054,0.14301676,24.76629638671875,301.34088134765625,POINT (-79.2322 33.3482)
US-HB3,2022-05-29 19:34:11,0.40928614,0.14668442,29.847213745117188,305.13189697265625,POINT (-79.2322 33.3482)
US-HB3,2022-08-14 12:57:16,0.0,0.086370006,22.74574851989746,311.35491943359375,POINT (-79.2322 33.3482)
US-DFC,2020-04-19 19:09:04,0.0,0.07677041,5.2518205642700195,380.78863525390625,POINT (-89.7117 43.3448)
US-DFC,2020-04-26 16:48:34,0.0,0.0835934,8.742173194885254,385.0796203613281,POINT (-89.7117 43.3448)
US-DFC,2020-06-08 23:29:16,0.33056644,0.104016565,24.468761444091797,271.56146240234375,POINT (-89.7117 43.3448)
US-DFC,2020-06-14 15:27:30,0.0,0.07563869,9.862256050109863,326.2545166015625,POINT (-89.7117 43.3448)
US-DFC,2020-08-21 18:25:54,0.017211916,0.09954638,22.407344818115234,301.73651123046875,POINT (-89.7117 43.3448)
US-DFC,2021-04-30 14:56:47,0.0,0.084451586,5.471303939819336,358.85235595703125,POINT (-89.7117 43.3448)
US-DFC,2022-02-03 18:41:21,0.609375,0.061416313,2.8661468029022217,340.65338134765625,POINT (-89.7117 43.3448)
US-DFC,2022-02-10 16:17:47,0.0,0.051652353,3.2088468074798584,415.74798583984375,POINT (-89.7117 43.3448)
US-Wkg,2019-02-17 23:19:38,0.0,0.035498977,3.1983888149261475,287.9139404296875,POINT (-109.9419 31.7365)
US-Wkg,2019-05-26 00:20:14,0.0,0.06387281,7.759775161743164,307.25762939453125,POINT (-109.9419 31.7365)
US-Wkg,2019-06-01 21:47:09,0.92089856,0.15591668,13.4234037399292,297.0810546875,POINT (-109.9419 31.7365)
US-Wkg,2019-10-05 19:51:04,0.0,0.04389093,14.050209045410156,266.5247497558594,POINT (-109.9419 31.7365)
US-Wkg,2019-10-09 18:13:47,0.0,0.039802335,7.821023464202881,274.1927490234375,POINT (-109.9419 31.7365)
US-Wkg,2019-10-21 21:30:47,0.0,0.041583367,6.08809232711792,275.8265686035156,POINT (-109.9419 31.7365)
US-Wkg,2019-10-25 19:53:07,0.0,0.040699355,4.599386215209961,286.500732421875,POINT (-109.9419 31.7365)
US-Wkg,2019-10-29 18:15:23,0.0,0.043793794,3.573735237121582,291.1600341796875,POINT (-109.9419 31.7365)
US-Wkg,2019-11-01 17:26:01,0.1157227,0.036317743,4.819035053253174,288.8529052734375,POINT (-109.9419 31.7365)
US-Wkg,2019-11-05 15:48:07,6.0234375,0.038604356,18.11260223388672,267.95184326171875,POINT (-109.9419 31.7365)
US-Wkg,2019-12-12 17:05:38,0.0,0.02440188,7.174560070037842,269.8831787109375,POINT (-109.9419 31.7365)
US-Wkg,2020-01-01 17:12:04,0.030273557,0.033178568,6.307938098907471,335.6700439453125,POINT (-109.9419 31.7365)
US-Wkg,2020-02-08 18:06:24,0.0,0.02866279,4.231457233428955,278.3346862792969,POINT (-109.9419 31.7365)
US-Wkg,2020-02-25 19:14:05,0.0,0.038930517,2.1985926628112793,295.661865234375,POINT (-109.9419 31.7365)
US-Wkg,2020-03-30 21:50:45,0.0057067876,0.060681988,4.088881969451904,296.3357238769531,POINT (-109.9419 31.7365)
US-Wkg,2020-04-15 15:42:56,0.0,0.051274344,2.6277592182159424,337.51422119140625,POINT (-109.9419 31.7365)
US-Wkg,2020-04-20 21:33:22,0.120117225,0.09040105,9.795372009277344,309.2889709472656,POINT (-109.9419 31.7365)
US-Wkg,2020-04-28 18:25:03,0.0,0.0696562,6.690340042114258,312.5728454589844,POINT (-109.9419 31.7365)
US-Wkg,2020-05-02 16:50:41,0.0,0.081010684,9.816723823547363,301.4620056152344,POINT (-109.9419 31.7365)
US-Wkg,2020-05-06 15:16:26,0.0,0.061586138,7.0880866050720215,285.16094970703125,POINT (-109.9419 31.7365)
US-Wkg,2020-05-25 00:02:21,0.0,0.09080664,9.23119068145752,320.1700744628906,POINT (-109.9419 31.7365)
US-Wkg,2020-05-28 22:27:53,0.0,0.07923969,13.781853675842285,299.1280822753906,POINT (-109.9419 31.7365)
US-Wkg,2020-06-09 17:44:28,0.0,0.06164157,3.018920421600342,292.86151123046875,POINT (-109.9419 31.7365)
US-Wkg,2020-06-17 14:35:12,0.0,0.044849835,9.6747407913208,297.7439880371094,POINT (-109.9419 31.7365)
US-Wkg,2020-06-17 22:44:21,0.0,0.05932082,12.422642707824707,296.9654541015625,POINT (-109.9419 31.7365)
US-Wkg,2020-06-21 21:10:13,0.0,0.11894667,7.975931644439697,303.22821044921875,POINT (-109.9419 31.7365)
US-Wkg,2020-09-26 22:42:08,0.0,0.10088876,15.38943099975586,266.6361389160156,POINT (-109.9419 31.7365)
US-Wkg,2020-09-27 21:54:32,0.0,0.07076171,12.882623672485352,262.26251220703125,POINT (-109.9419 31.7365)
US-Wkg,2020-10-01 20:23:04,0.0,0.0632095,6.097222805023193,272.86260986328125,POINT (-109.9419 31.7365)
US-Wkg,2020-10-05 18:50:41,0.15454105,0.09582555,6.797165393829346,282.8636779785156,POINT (-109.9419 31.7365)
US-Wkg,2020-10-09 17:17:24,0.0,0.06570296,6.353318214416504,254.83126831054688,POINT (-109.9419 31.7365)
US-Wkg,2020-10-17 22:18:32,0.17626955,0.071422935,10.071459770202637,273.3449401855469,POINT (-109.9419 31.7365)
US-Wkg,2020-12-02 20:10:10,0.0,0.021087058,3.0897464752197266,286.9371032714844,POINT (-109.9419 31.7365)
US-Wkg,2020-12-19 21:18:06,0.0,0.020737533,2.670508623123169,279.3555603027344,POINT (-109.9419 31.7365)
US-Wkg,2020-12-23 19:44:20,0.0,0.029134126,2.4702770709991455,276.0661926269531,POINT (-109.9419 31.7365)
US-Wkg,2021-02-11 16:07:23,0.0,0.03344795,7.677267551422119,288.53173828125,POINT (-109.9419 31.7365)
US-Wkg,2021-02-20 20:24:19,0.0,0.020071248,7.059031963348389,256.5993347167969,POINT (-109.9419 31.7365)
US-Wkg,2021-02-24 18:51:27,0.0,0.030270549,2.1407692432403564,261.7653503417969,POINT (-109.9419 31.7365)
US-Wkg,2021-02-28 17:18:17,0.0,0.072891906,3.06990647315979,310.5328674316406,POINT (-109.9419 31.7365)
US-Wkg,2021-03-30 21:32:40,0.0,0.07838047,4.193922996520996,336.694580078125,POINT (-109.9419 31.7365)
US-Wkg,2021-04-03 20:00:03,0.007049561,0.0642391,7.843088150024414,287.5530090332031,POINT (-109.9419 31.7365)
US-Wkg,2021-04-04 19:13:14,0.0,0.08120024,7.457890033721924,284.255615234375,POINT (-109.9419 31.7365)
US-Wkg,2021-04-08 17:40:46,0.048706062,0.053695746,7.321916103363037,283.9621887207031,POINT (-109.9419 31.7365)
US-Wkg,2021-04-20 21:12:43,0.0,0.06315979,4.608160972595215,311.8320007324219,POINT (-109.9419 31.7365)
US-Wkg,2021-05-02 16:34:22,0.0,0.056036737,4.656237602233887,301.6880187988281,POINT (-109.9419 31.7365)
US-Wkg,2021-05-25 23:07:18,0.0,0.07704033,7.119998931884766,307.633056640625,POINT (-109.9419 31.7365)
US-Wkg,2021-05-29 21:34:33,0.009811425,0.055617303,5.346122741699219,302.92205810546875,POINT (-109.9419 31.7365)
US-Wkg,2021-06-06 18:29:04,0.0,0.070149064,13.16948413848877,310.8717041015625,POINT (-109.9419 31.7365)
US-Wkg,2021-06-10 16:56:09,2.9075876e-05,0.034787465,7.473825931549072,283.5937805175781,POINT (-109.9419 31.7365)
US-Wkg,2021-06-18 22:00:09,0.0,0.08291908,11.093063354492188,294.4527893066406,POINT (-109.9419 31.7365)
US-Wkg,2021-08-05 18:35:41,0.0,0.12367208,25.185800552368164,278.1065673828125,POINT (-109.9419 31.7365)
US-Wkg,2021-10-28 17:49:00,0.0,0.028709274,6.032120227813721,251.18643188476562,POINT (-109.9419 31.7365)
US-Wkg,2022-01-30 20:11:36,0.0,0.038624533,5.7912917137146,332.5145263671875,POINT (-109.9419 31.7365)
US-Wkg,2022-02-15 21:57:44,0.0,0.031764217,2.663680076599121,270.3459777832031,POINT (-109.9419 31.7365)
US-Wkg,2022-03-02 16:22:39,0.0,0.041301418,5.043269157409668,276.54302978515625,POINT (-109.9419 31.7365)
US-Wkg,2022-04-01 20:20:18,0.0,0.061374955,7.283971786499023,329.02362060546875,POINT (-109.9419 31.7365)
US-Wkg,2022-04-05 18:44:28,0.0,0.05756889,8.933969497680664,310.14349365234375,POINT (-109.9419 31.7365)
US-Wkg,2022-04-09 17:07:37,0.0,0.06155064,4.356558322906494,301.4578857421875,POINT (-109.9419 31.7365)
US-Wkg,2022-04-13 15:31:37,0.0,0.05692745,1.3905377388000488,320.890380859375,POINT (-109.9419 31.7365)
US-Wkg,2022-04-17 22:03:08,0.0072104447,0.08089774,2.6524152755737305,280.355224609375,POINT (-109.9419 31.7365)
US-Wkg,2022-04-21 20:26:15,0.0,0.046789583,5.918107509613037,296.07037353515625,POINT (-109.9419 31.7365)
US-Wkg,2022-04-25 18:50:11,0.0,0.15083602,3.4537925720214844,304.4726867675781,POINT (-109.9419 31.7365)
US-Wkg,2022-04-29 17:13:52,0.0,0.076249816,2.492311477661133,309.74688720703125,POINT (-109.9419 31.7365)
US-Wkg,2022-05-25 22:41:05,0.0,0.08820522,8.702713966369629,305.770751953125,POINT (-109.9419 31.7365)
US-Wkg,2022-05-29 21:05:31,0.0,0.12860298,10.24897575378418,299.7271728515625,POINT (-109.9419 31.7365)
US-Wkg,2022-06-01 20:17:13,0.0,0.063477844,8.399136543273926,288.9178466796875,POINT (-109.9419 31.7365)
US-Wkg,2022-06-02 19:29:30,0.0,0.06230114,7.827147483825684,297.5434265136719,POINT (-109.9419 31.7365)
US-Wkg,2022-06-05 18:41:27,0.03298093,0.078036174,7.811130046844482,299.6247253417969,POINT (-109.9419 31.7365)
US-Me2,2019-06-14 23:59:11,0.036621172,0.061270293,8.511872291564941,331.9211120605469,POINT (-121.5574 44.4523)
US-Me2,2019-06-17 23:07:28,0.008850166,0.06972542,13.14160442352295,324.5924072265625,POINT (-121.5574 44.4523)
US-Me2,2019-06-18 17:25:55,0.0,0.04343945,13.456500053405762,311.93438720703125,POINT (-121.5574 44.4523)
US-Me2,2019-06-19 16:36:33,0.0,0.049210045,5.583704948425293,330.1087951660156,POINT (-121.5574 44.4523)
US-Me2,2019-07-29 01:24:40,0.0,0.07339755,15.944734573364258,313.3201599121094,POINT (-121.5574 44.4523)
US-Me2,2019-07-30 00:35:40,0.0,0.12196184,19.45515251159668,305.74560546875,POINT (-121.5574 44.4523)
US-Me2,2019-08-01 23:44:33,0.11145021,0.06828115,21.603742599487305,313.8283386230469,POINT (-121.5574 44.4523)
US-Me2,2019-08-05 22:03:51,0.0,0.14432745,18.752044677734375,300.6357116699219,POINT (-121.5574 44.4523)
US-Me2,2020-02-22 19:56:06,0.0055160536,0.06492825,7.081274032592773,344.2726135253906,POINT (-121.5574 44.4523)
US-Me2,2020-03-01 16:49:10,0.0,0.053828374,2.8552064895629883,371.8055725097656,POINT (-121.5574 44.4523)
US-Me2,2020-04-14 18:07:01,0.0516358,0.05573779,10.917306900024414,347.86138916015625,POINT (-121.5574 44.4523)
US-Me2,2020-06-18 21:53:17,0.39013675,0.056407046,11.606790542602539,311.3035888671875,POINT (-121.5574 44.4523)
US-Me2,2020-06-22 20:18:34,0.0,0.042111065,16.224035263061523,301.6387939453125,POINT (-121.5574 44.4523)
US-SP1,2019-01-28 21:08:10,0.07812501,0.06709845,8.922892570495605,284.64117431640625,POINT (-82.2188 29.7381)
US-SP1,2019-05-29 21:06:19,0.0,0.16025314,24.26442527770996,291.74688720703125,POINT (-82.2188 29.7381)
US-SP1,2020-01-28 20:26:33,0.0,0.042352982,9.337905883789062,290.52581787109375,POINT (-82.2188 29.7381)
US-SP1,2020-05-02 15:18:36,0.0,0.088579044,15.784902572631836,307.3897399902344,POINT (-82.2188 29.7381)
US-SP1,2020-12-11 14:42:51,0.0,0.04902886,9.929740905761719,269.671630859375,POINT (-82.2188 29.7381)
US-SP1,2020-12-23 18:11:55,0.0,0.04152426,12.4580078125,262.9217224121094,POINT (-82.2188 29.7381)
US-CMW,2019-02-17 23:19:38,0.0,0.03543794,3.1671388149261475,289.1951904296875,POINT (-110.1777 31.6637)
US-CMW,2019-02-28 18:44:52,0.008850102,0.039839074,6.558507442474365,234.9635009765625,POINT (-110.1777 31.6637)
US-CMW,2019-05-26 00:20:14,0.0,0.06393384,7.001962661743164,309.47637939453125,POINT (-110.1777 31.6637)
US-CMW,2019-06-01 21:47:09,32.9375,0.15420769,18.001529693603516,298.8310546875,POINT (-110.1777 31.6637)
US-CMW,2019-06-20 22:19:23,0.0,0.068055816,5.105905532836914,313.4566345214844,POINT (-110.1777 31.6637)
US-CMW,2019-10-05 19:51:04,0.0,0.050909974,15.487709045410156,266.3997497558594,POINT (-110.1777 31.6637)
US-CMW,2019-10-09 18:13:47,0.0,0.039924406,7.852273464202881,275.0677490234375,POINT (-110.1777 31.6637)
US-CMW,2019-10-21 21:29:55,0.0,0.0416444,6.04902982711792,276.3265686035156,POINT (-110.1777 31.6637)
US-CMW,2019-10-25 19:53:07,0.0,0.040333144,4.544698715209961,285.875732421875,POINT (-110.1777 31.6637)
US-CMW,2019-10-28 19:03:42,0.062133797,0.06462434,6.516959190368652,280.81304931640625,POINT (-110.1777 31.6637)
US-CMW,2019-11-01 17:26:01,0.48974615,0.03686706,4.764347553253174,288.4779052734375,POINT (-110.1777 31.6637)
US-CMW,2020-01-31 21:13:25,0.0,0.028113019,18.776351928710938,303.2904968261719,POINT (-110.1777 31.6637)
US-CMW,2020-02-08 18:06:24,0.0,0.029517282,36.529571533203125,282.8288269042969,POINT (-110.1777 31.6637)
US-CMW,2020-02-25 19:14:05,0.0,0.040486913,25.670551300048828,296.337646484375,POINT (-110.1777 31.6637)
US-CMW,2020-03-30 21:50:45,0.0075759892,0.06525963,4.198256969451904,296.2107238769531,POINT (-110.1777 31.6637)
US-CMW,2020-04-15 15:42:56,0.0,0.051396415,2.7293217182159424,337.63922119140625,POINT (-110.1777 31.6637)
US-CMW,2020-04-20 21:33:22,0.29931644,0.08893621,9.779747009277344,308.7069396972656,POINT (-110.1777 31.6637)
US-CMW,2020-04-28 18:25:03,0.0,0.06928999,6.362215042114258,312.5103454589844,POINT (-110.1777 31.6637)
US-CMW,2020-05-02 16:50:41,0.0,0.077470645,9.613598823547363,301.9620056152344,POINT (-110.1777 31.6637)
US-CMW,2020-05-06 15:16:26,0.0,0.057435747,5.6349616050720215,284.94219970703125,POINT (-110.1777 31.6637)
US-CMW,2020-05-25 00:02:21,0.0,0.088121094,10.34056568145752,320.7638244628906,POINT (-110.1777 31.6637)
US-CMW,2020-05-28 22:27:53,0.0,0.07655414,13.172478675842285,299.2218322753906,POINT (-110.1777 31.6637)
US-CMW,2020-08-19 21:37:14,0.35888672,0.22717488,20.41176414489746,280.5357360839844,POINT (-110.1777 31.6637)
US-CMW,2020-09-26 22:42:08,0.0,0.099057704,15.65505599975586,266.1361389160156,POINT (-110.1777 31.6637)
US-CMW,2020-09-30 21:10:05,0.0,0.07204599,6.714859962463379,276.9930419921875,POINT (-110.1777 31.6637)
US-CMW,2020-10-05 18:50:41,0.084228545,0.09423864,6.523727893829346,281.6136779785156,POINT (-110.1777 31.6637)
US-CMW,2020-10-12 16:30:30,0.0,0.05525045,11.97170639038086,269.328125,POINT (-110.1777 31.6637)
US-CMW,2020-10-17 22:18:32,0.17968751,0.069286704,9.602709770202637,272.8449401855469,POINT (-110.1777 31.6637)
US-CMW,2020-10-21 20:44:33,0.3984375,0.08605796,8.499119758605957,276.6295166015625,POINT (-110.1777 31.6637)
US-CMW,2020-11-28 21:43:31,0.0,0.028538277,2.9230918884277344,266.55560302734375,POINT (-110.1777 31.6637)
US-CMW,2020-12-02 20:10:10,0.0,0.020003684,2.9491214752197266,286.1871032714844,POINT (-110.1777 31.6637)
US-CMW,2020-12-06 18:36:35,0.0,0.020468498,3.4285314083099365,261.3337707519531,POINT (-110.1777 31.6637)
US-CMW,2020-12-19 21:18:06,0.0,0.020600203,2.568946123123169,280.3555603027344,POINT (-110.1777 31.6637)
US-CMW,2021-01-30 20:45:39,0.0,0.019719372,,,POINT (-110.1777 31.6637)
US-CMW,2021-02-11 16:07:23,0.0,0.03372261,,,POINT (-110.1777 31.6637)
US-CMW,2021-02-20 20:24:19,0.0,0.020574788,,,POINT (-110.1777 31.6637)
US-CMW,2021-02-24 18:51:27,0.0,0.03051469,,,POINT (-110.1777 31.6637)
US-CMW,2021-02-28 17:18:17,0.0,0.07325812,,,POINT (-110.1777 31.6637)
US-CMW,2021-03-30 21:32:40,0.0,0.07691563,4.272047996520996,335.194580078125,POINT (-110.1777 31.6637)
US-CMW,2021-04-03 20:00:03,0.0,0.058745936,8.460275650024414,288.5920715332031,POINT (-110.1777 31.6637)
US-CMW,2021-04-07 18:27:32,0.10852058,0.058748536,3.532780647277832,288.3096923828125,POINT (-110.1777 31.6637)
US-CMW,2021-04-08 17:40:46,0.028991705,0.051315375,7.189103603363037,284.0403137207031,POINT (-110.1777 31.6637)
US-CMW,2021-04-20 21:12:43,0.0,0.063526005,4.436285972595215,311.3320007324219,POINT (-110.1777 31.6637)
US-CMW,2021-04-24 19:40:01,0.0,0.07186242,6.745891094207764,306.1912841796875,POINT (-110.1777 31.6637)
US-CMW,2021-05-02 16:34:22,0.0,0.050909784,4.421862602233887,301.8130187988281,POINT (-110.1777 31.6637)
US-CMW,2021-05-06 15:01:30,0.0,0.07986296,8.313414573669434,295.4401550292969,POINT (-110.1777 31.6637)
US-CMW,2021-05-25 23:07:18,0.0,0.08143486,6.768436431884766,308.445556640625,POINT (-110.1777 31.6637)
US-CMW,2021-05-29 21:34:33,0.04815676,0.057448357,6.228935241699219,302.29705810546875,POINT (-110.1777 31.6637)
US-CMW,2021-06-06 18:29:04,0.0,0.0679518,12.16948413848877,310.3092041015625,POINT (-110.1777 31.6637)
US-CMW,2021-06-10 16:56:09,0.02038576,0.036282826,6.442575931549072,284.4062805175781,POINT (-110.1777 31.6637)
US-CMW,2021-08-21 20:34:58,0.0,0.05652967,14.056253433227539,284.51568603515625,POINT (-110.1777 31.6637)
US-CMW,2021-10-12 15:47:10,19.28125,0.11553241,9.415553092956543,287.166748046875,POINT (-110.1777 31.6637)
US-CMW,2021-10-24 19:21:11,0.0,0.03999037,11.72282600402832,272.12841796875,POINT (-110.1777 31.6637)
US-CMW,2021-10-28 17:49:00,0.0,0.028922897,6.258682727813721,252.93643188476562,POINT (-110.1777 31.6637)
US-CMW,2021-12-23 19:29:22,0.030303963,0.020586276,18.84457015991211,254.29043579101562,POINT (-110.1777 31.6637)
US-Ro4,2019-06-08 19:19:08,0.0,0.08152685,19.061519622802734,319.3388977050781,POINT (-93.0723 44.6781)
US-Ro4,2019-08-28 16:16:35,0.0,0.07068122,12.813977241516113,333.08929443359375,POINT (-93.0723 44.6781)
US-Ro4,2020-05-31 21:45:57,0.049865734,0.17826413,23.252239227294922,312.30706787109375,POINT (-93.0723 44.6781)
US-Ro4,2020-06-08 23:29:16,4.4921875,0.11890914,26.468761444091797,284.62396240234375,POINT (-93.0723 44.6781)
US-Ro4,2020-06-16 20:19:58,14.609375,0.18612215,29.08207130432129,311.5628967285156,POINT (-93.0723 44.6781)
US-Ro4,2020-06-17 14:40:24,0.0,0.1343884,21.018489837646484,320.5018005371094,POINT (-93.0723 44.6781)
US-Ro4,2021-06-12 21:55:02,0.0,0.07504999,14.21472454071045,305.497314453125,POINT (-93.0723 44.6781)
US-Ro4,2021-06-13 21:07:16,3.578125,0.074557334,21.573659896850586,308.0248107910156,POINT (-93.0723 44.6781)
US-Ro4,2021-06-14 15:27:55,0.0,0.079805315,16.508216857910156,308.027587890625,POINT (-93.0723 44.6781)
US-Ro4,2021-06-16 20:22:08,0.0,0.088318326,21.998979568481445,303.1597900390625,POINT (-93.0723 44.6781)
US-Ro4,2021-08-15 20:28:53,0.0,0.07355778,18.351593017578125,305.9125061035156,POINT (-93.0723 44.6781)
US-Ro4,2021-08-16 14:49:43,0.0,0.104349315,19.65977668762207,307.3661193847656,POINT (-93.0723 44.6781)
US-Ro4,2021-08-16 19:41:41,0.0,0.11607285,22.984691619873047,302.65289306640625,POINT (-93.0723 44.6781)
US-PAS,2021-03-24 21:30:33,0.01702881,0.12908335,22.450241088867188,268.44189453125,POINT (-81.951 27.3944)
US-PAS,2021-04-09 15:20:06,0.0,0.12650241,20.505578994750977,288.72332763671875,POINT (-81.951 27.3944)
US-PAS,2021-04-13 13:47:36,0.0,0.07994607,11.985465049743652,289.3406066894531,POINT (-81.951 27.3944)
US-xYE,2019-05-30 00:17:32,0.7890625,0.08752713,6.224757194519043,346.2193908691406,POINT (-110.5391 44.9535)
US-xYE,2019-08-28 17:50:32,0.0,0.04852546,6.368860721588135,287.1812744140625,POINT (-110.5391 44.9535)
US-xYE,2021-05-29 23:13:10,0.0,0.034560174,3.8231799602508545,367.2109375,POINT (-110.5391 44.9535)
US-xYE,2021-08-12 17:56:07,0.0,0.074848644,11.052634239196777,286.8567810058594,POINT (-110.5391 44.9535)
US-xYE,2021-08-12 22:48:39,1.0683594,0.166745,14.922855377197266,288.4053039550781,POINT (-110.5391 44.9535)
US-xYE,2021-08-13 17:09:29,0.0,0.1912334,9.264177322387695,293.3856506347656,POINT (-110.5391 44.9535)
US-xYE,2021-08-13 22:00:59,0.0,0.16642396,12.264472961425781,292.2313537597656,POINT (-110.5391 44.9535)
US-KM4,2019-06-02 21:03:49,0.097534254,0.10167023,8.768902778625488,376.0693359375,POINT (-85.3301 42.4423)
US-KM4,2019-06-27 16:34:50,0.08947759,0.116173394,29.036035537719727,340.11572265625,POINT (-85.3301 42.4423)
US-KM4,2019-07-07 13:10:58,5.5546875,0.1763344,35.28075408935547,297.061279296875,POINT (-85.3301 42.4423)
US-KM4,2019-07-08 12:21:17,0.0,0.21376032,18.18049430847168,338.7115783691406,POINT (-85.3301 42.4423)
US-KM4,2019-08-22 13:05:04,0.038696304,0.12933436,21.634944915771484,298.34765625,POINT (-85.3301 42.4423)
US-KM4,2020-04-19 19:09:56,0.0,0.074817285,9.43932056427002,381.78863525390625,POINT (-85.3301 42.4423)
US-KM4,2020-05-01 14:27:17,0.0,0.0715188,8.370625495910645,335.4031066894531,POINT (-85.3301 42.4423)
US-KM4,2020-06-02 20:11:48,0.053222664,0.12148476,28.674137115478516,313.6459655761719,POINT (-85.3301 42.4423)
US-KM4,2020-06-13 21:08:11,0.0,0.1009166,10.439810752868652,353.475341796875,POINT (-85.3301 42.4423)
US-KM4,2020-06-14 15:27:30,0.0,0.07673732,9.112256050109863,352.7545166015625,POINT (-85.3301 42.4423)
US-KM4,2020-06-15 14:40:10,0.0,0.07923168,6.816824913024902,334.1324462890625,POINT (-85.3301 42.4423)
US-KM4,2020-08-08 17:26:26,0.49414068,0.12764806,34.468894958496094,297.0133972167969,POINT (-85.3301 42.4423)
US-KM4,2020-08-26 16:06:06,0.39990234,0.69814086,40.899654388427734,277.95111083984375,POINT (-85.3301 42.4423)
US-KM4,2021-04-13 15:26:27,0.0,0.11936064,6.9698405265808105,337.4343566894531,POINT (-85.3301 42.4423)
US-KM4,2021-05-30 20:53:16,0.068359375,0.061344095,10.381013870239258,351.6687316894531,POINT (-85.3301 42.4423)
US-KM4,2021-07-25 22:31:03,0.03485109,0.18776871,16.393930435180664,309.7893981933594,POINT (-85.3301 42.4423)
US-KM4,2021-08-14 14:48:32,0.0,0.06763848,12.535831451416016,307.4420471191406,POINT (-85.3301 42.4423)
US-Syv,2020-06-14 20:19:04,0.0,0.05423976,11.596461296081543,320.360107421875,POINT (-89.3477 46.242)
US-Syv,2020-06-18 18:44:24,3.3125,0.179985,20.171281814575195,313.4953308105469,POINT (-89.3477 46.242)
US-Syv,2021-05-29 21:40:37,0.040954612,0.10340783,5.307060241699219,331.59393310546875,POINT (-89.3477 46.242)
US-Syv,2021-06-06 18:35:07,0.0,0.070271134,21.825733184814453,314.6529541015625,POINT (-89.3477 46.242)
US-Syv,2021-06-06 23:26:07,1.6171875,0.086836345,22.4196720123291,316.59283447265625,POINT (-89.3477 46.242)
US-Syv,2021-06-23 16:27:02,0.007797246,0.06402725,17.770214080810547,355.3800048828125,POINT (-89.3477 46.242)
US-Syv,2021-08-15 15:37:56,0.0,0.09335079,23.387123107910156,299.17999267578125,POINT (-89.3477 46.242)
US-Syv,2021-08-16 14:50:35,0.0,0.0682165,15.80040168762207,300.7411193847656,POINT (-89.3477 46.242)
US-Syv,2021-08-16 19:42:33,0.0,0.079329684,18.359691619873047,300.09039306640625,POINT (-89.3477 46.242)
US-WCr,2019-06-08 19:20:00,0.0,0.06468115,10.936519622802734,312.0732727050781,POINT (-90.0799 45.8059)
US-WCr,2020-05-02 13:37:52,0.6201172,0.124196984,11.331777572631836,307.1709899902344,POINT (-90.0799 45.8059)
US-WCr,2020-06-13 21:06:27,0.0,0.05758164,8.517935752868652,355.600341796875,POINT (-90.0799 45.8059)
US-WCr,2020-06-16 15:28:25,0.8798828,0.17322317,27.643583297729492,312.63330078125,POINT (-90.0799 45.8059)
US-WCr,2020-10-08 18:10:35,0.0089874305,0.038022645,10.339068412780762,266.1544189453125,POINT (-90.0799 45.8059)
US-WCr,2020-10-11 17:23:46,0.91503906,0.11698058,17.845436096191406,280.2625427246094,POINT (-90.0799 45.8059)
US-WCr,2021-04-02 20:52:55,1.0234375,0.18248533,8.046955108642578,303.2987060546875,POINT (-90.0799 45.8059)
US-WCr,2021-05-01 14:08:50,8.03125,0.23663263,20.497068405151367,342.6918640136719,POINT (-90.0799 45.8059)
US-WCr,2021-05-29 21:39:45,0.0046539535,0.105605096,5.736747741699219,325.48455810546875,POINT (-90.0799 45.8059)
US-WCr,2021-06-06 18:34:15,0.0,0.08101332,21.325733184814453,315.1217041015625,POINT (-90.0799 45.8059)
US-WCr,2021-06-18 18:47:26,0.0,0.059960075,14.062704086303711,344.67022705078125,POINT (-90.0799 45.8059)
US-WCr,2021-07-26 23:20:22,6.0078125,0.20639706,32.04442596435547,312.6227722167969,POINT (-90.0799 45.8059)
US-WCr,2021-08-15 15:37:56,0.0,0.08285274,22.262123107910156,300.34405517578125,POINT (-90.0799 45.8059)
US-WCr,2021-08-16 14:50:35,0.0,0.06858271,15.76915168762207,304.6161193847656,POINT (-90.0799 45.8059)
US-WCr,2021-08-16 19:41:41,0.0,0.07090683,19.047191619873047,301.71539306640625,POINT (-90.0799 45.8059)
US-WCr,2021-09-01 13:35:22,0.0,0.11732276,8.602956771850586,295.1508483886719,POINT (-90.0799 45.8059)
US-Rws,2019-06-09 20:02:08,0.0,0.07367963,6.989702224731445,340.9441223144531,POINT (-116.7132 43.1675)
US-Rws,2019-06-15 00:00:03,0.07214357,0.08349065,12.308747291564941,346.0773620605469,POINT (-116.7132 43.1675)
US-Rws,2019-06-19 16:37:25,0.072265774,0.05421493,12.560267448425293,318.6195373535156,POINT (-116.7132 43.1675)
US-Rws,2019-06-22 20:37:33,0.12597665,0.08823314,9.235182762145996,361.89019775390625,POINT (-116.7132 43.1675)
US-Rws,2019-06-23 14:56:03,0.0,0.06782848,15.96076774597168,337.55615234375,POINT (-116.7132 43.1675)
US-Rws,2019-08-14 17:53:39,0.0,0.08224137,17.386802673339844,290.8284912109375,POINT (-116.7132 43.1675)
US-Rws,2019-08-16 22:44:36,0.0,0.060733527,9.735564231872559,312.96002197265625,POINT (-116.7132 43.1675)
US-Rws,2019-08-19 21:55:09,0.030731207,0.090831645,16.186616897583008,298.769775390625,POINT (-116.7132 43.1675)
US-Rws,2019-08-23 20:16:03,0.16406272,0.10223289,15.570752143859863,299.398681640625,POINT (-116.7132 43.1675)
US-Rws,2019-08-27 18:38:21,0.0,0.047580346,9.551365852355957,287.4161376953125,POINT (-116.7132 43.1675)
US-Rws,2019-08-31 17:00:14,0.0,0.10306527,17.91260528564453,287.021728515625,POINT (-116.7132 43.1675)
US-Rws,2020-04-13 23:47:56,0.0,0.088881,3.1313698291778564,392.2742614746094,POINT (-116.7132 43.1675)
US-Rws,2020-04-17 22:16:05,0.0,0.082880616,3.459439516067505,370.4384460449219,POINT (-116.7132 43.1675)
US-Rws,2020-05-03 16:00:15,0.0,0.08004471,5.960402965545654,354.63232421875,POINT (-116.7132 43.1675)
US-Rws,2020-06-23 19:31:29,0.09594727,0.063664496,14.84453010559082,295.2386474609375,POINT (-116.7132 43.1675)
US-Rws,2020-07-05 14:47:17,0.0,0.09641698,14.6865873336792,299.32330322265625,POINT (-116.7132 43.1675)
US-Rws,2020-07-27 00:26:56,0.0,0.12608501,13.031447410583496,296.51123046875,POINT (-116.7132 43.1675)
US-Rws,2020-08-03 21:19:08,0.0,0.13381644,14.461140632629395,298.35150146484375,POINT (-116.7132 43.1675)
US-Rws,2020-08-06 20:33:23,0.0,0.113719255,21.479900360107422,305.7603759765625,POINT (-116.7132 43.1675)
US-Rws,2020-08-07 19:45:46,0.0,0.05838331,6.664506435394287,317.3478088378906,POINT (-116.7132 43.1675)
US-Rws,2020-08-10 18:59:51,0.0,0.057948098,13.075010299682617,296.590087890625,POINT (-116.7132 43.1675)
US-Rws,2020-08-14 17:26:16,0.0,0.039691232,10.77853775024414,294.34783935546875,POINT (-116.7132 43.1675)
US-Rws,2020-08-15 16:38:38,0.014099151,0.038842328,18.315635681152344,288.37542724609375,POINT (-116.7132 43.1675)
US-Rws,2020-08-18 15:52:41,0.19580078,0.14098395,24.411802291870117,278.3783874511719,POINT (-116.7132 43.1675)
US-Rws,2020-08-28 17:39:18,0.0,0.434267,13.595243453979492,295.68865966796875,POINT (-116.7132 43.1675)
US-Rws,2020-08-29 16:50:58,0.0,0.3068856,11.10595703125,288.704345703125,POINT (-116.7132 43.1675)
US-Rws,2020-09-30 22:47:18,0.0,0.08864755,6.210323333740234,257.5847473144531,POINT (-116.7132 43.1675)
US-Rws,2020-10-05 20:28:08,0.0,0.07067907,10.772958755493164,255.70101928710938,POINT (-116.7132 43.1675)
US-Rws,2020-10-09 18:54:48,0.0,0.42214692,9.540818214416504,261.5812683105469,POINT (-116.7132 43.1675)
US-Rws,2020-10-15 22:14:14,0.0,0.037561152,9.760709762573242,249.78106689453125,POINT (-116.7132 43.1675)
US-Rws,2020-10-22 19:53:47,0.0012836668,0.041838378,3.7005131244659424,262.5633544921875,POINT (-116.7132 43.1675)
US-Rws,2020-10-27 17:31:01,0.0,0.038612567,7.678061485290527,246.11285400390625,POINT (-116.7132 43.1675)
US-Rws,2021-03-27 23:56:03,0.0,0.09677882,8.637743949890137,301.447509765625,POINT (-116.7132 43.1675)
US-Rws,2021-03-31 22:23:16,0.0,0.092428744,4.571443557739258,311.359619140625,POINT (-116.7132 43.1675)
US-Rws,2021-04-18 21:07:44,0.0946045,0.10305623,6.511375427246094,301.76519775390625,POINT (-116.7132 43.1675)
US-Rws,2021-04-19 15:28:02,0.0,0.0798456,10.054057121276855,315.6680908203125,POINT (-116.7132 43.1675)
US-Rws,2021-05-29 23:12:18,0.03411868,0.060255975,8.205992698669434,363.7734375,POINT (-116.7132 43.1675)
US-Rws,2021-06-02 21:39:32,0.0,0.04322046,12.46534538269043,300.0591735839844,POINT (-116.7132 43.1675)
US-Rws,2021-06-06 20:06:48,0.0,0.0512892,10.778996467590332,324.3348693847656,POINT (-116.7132 43.1675)
US-xJE,2020-04-04 17:58:30,0.099121094,0.18154882,22.550811767578125,294.2125244140625,POINT (-84.4686 31.1948)
US-xJE,2020-04-16 21:33:00,0.0,0.104022,9.371147155761719,287.1530456542969,POINT (-84.4686 31.1948)
US-xJE,2020-04-16 21:33:52,0.0,0.104022,9.371147155761719,287.1530456542969,POINT (-84.4686 31.1948)
US-xJE,2020-04-24 18:26:09,0.0,0.09909445,13.902697563171387,328.86114501953125,POINT (-84.4686 31.1948)
US-xJE,2020-12-27 16:38:02,0.0,0.025592286,7.239346027374268,273.52789306640625,POINT (-84.4686 31.1948)
US-xJE,2021-04-04 17:39:52,0.0,0.1080078,7.965702533721924,320.208740234375,POINT (-84.4686 31.1948)
US-xJE,2021-05-06 13:29:13,0.0,0.21804306,21.985258102416992,301.3966064453125,POINT (-84.4686 31.1948)
US-xJE,2021-11-29 19:03:46,0.0,0.036942452,7.294825553894043,302.0484619140625,POINT (-84.4686 31.1948)
US-xJE,2022-03-25 21:10:42,0.0,0.098938905,11.319643020629883,325.6082763671875,POINT (-84.4686 31.1948)
US-xJE,2022-04-09 15:35:08,0.0,0.13978799,7.079423904418945,367.30328369140625,POINT (-84.4686 31.1948)
US-xJE,2022-05-03 14:05:03,0.02674424,0.18415385,30.422466278076172,321.6186828613281,POINT (-84.4686 31.1948)
US-xJE,2022-05-07 12:29:02,0.0,0.15216424,22.673751831054688,348.2113037109375,POINT (-84.4686 31.1948)
US-SRG,2019-02-17 23:19:38,0.0,0.03925264,4.073389053344727,292.3826904296875,POINT (-110.8277 31.7894)
US-SRG,2019-05-26 00:20:14,0.0,0.07211255,5.837900161743164,313.60137939453125,POINT (-110.8277 31.7894)
US-SRG,2019-06-01 21:47:09,0.0,0.09817741,16.095279693603516,304.0498046875,POINT (-110.8277 31.7894)
US-SRG,2019-06-05 20:05:56,0.0,0.08181806,11.093829154968262,309.07476806640625,POINT (-110.8277 31.7894)
US-SRG,2019-06-08 19:13:56,0.014404387,0.074812986,9.280269622802734,312.8232727050781,POINT (-110.8277 31.7894)
US-SRG,2019-06-20 22:19:23,0.0,0.06829996,5.738718032836914,312.5201110839844,POINT (-110.8277 31.7894)
US-SRG,2019-10-01 21:28:22,0.019226078,0.051298317,14.85580825805664,255.03182983398438,POINT (-110.8277 31.7894)
US-SRG,2019-10-05 19:51:04,0.0,0.050116517,15.081459045410156,266.7747497558594,POINT (-110.8277 31.7894)
US-SRG,2019-10-09 18:13:47,0.0,0.042670988,8.914773941040039,275.1927490234375,POINT (-110.8277 31.7894)
US-SRG,2019-10-16 15:47:01,0.0,0.041230123,8.125927925109863,288.54290771484375,POINT (-110.8277 31.7894)
US-SRG,2019-10-21 21:29:55,0.0,0.04115612,6.63496732711792,275.7015686035156,POINT (-110.8277 31.7894)
US-SRG,2019-10-25 19:52:15,0.0,0.0421642,4.724386215209961,286.500732421875,POINT (-110.8277 31.7894)
US-SRG,2019-11-01 17:26:01,0.27539068,0.037080683,5.342472553253174,288.2591552734375,POINT (-110.8277 31.7894)
US-SRG,2020-01-01 17:12:04,0.0,0.036474466,7.245438098907471,325.3575439453125,POINT (-110.8277 31.7894)
US-SRG,2020-01-31 21:13:25,0.0,0.028265607,30.422466278076172,301.4711608886719,POINT (-110.8277 31.7894)
US-SRG,2020-02-08 18:06:24,0.0,0.026984323,348.2113037109375,287.6237487792969,POINT (-110.8277 31.7894)
US-SRG,2020-03-30 21:50:45,0.010360718,0.06788414,4.338881969451904,300.2419738769531,POINT (-110.8277 31.7894)
US-SRG,2020-04-03 20:18:21,0.0,0.0667184,8.57728099822998,327.1959533691406,POINT (-110.8277 31.7894)
US-SRG,2020-04-28 18:25:03,0.0,0.086868115,6.448152542114258,314.0415954589844,POINT (-110.8277 31.7894)
US-SRG,2020-05-02 16:50:41,0.0,0.07246576,9.254223823547363,300.4620056152344,POINT (-110.8277 31.7894)
US-SRG,2020-05-25 00:02:21,0.0,0.08921973,8.98119068145752,321.3731994628906,POINT (-110.8277 31.7894)
US-SRG,2020-05-28 22:27:53,0.0,0.077774845,12.766228675842285,301.5987854003906,POINT (-110.8277 31.7894)
US-SRG,2020-06-09 17:44:28,0.0,0.07085788,3.194701671600342,293.89276123046875,POINT (-110.8277 31.7894)
US-SRG,2020-06-17 14:35:12,0.0,0.050159894,6.846615314483643,295.9002380371094,POINT (-110.8277 31.7894)
US-SRG,2020-06-17 22:44:21,0.0,0.079950705,10.407017707824707,300.1373291015625,POINT (-110.8277 31.7894)
US-SRG,2020-06-21 21:10:13,0.0,0.13017714,12.194682121276855,303.94696044921875,POINT (-110.8277 31.7894)
US-SRG,2020-06-25 19:35:33,0.0,0.057809386,13.724756240844727,287.16644287109375,POINT (-110.8277 31.7894)
US-SRG,2020-09-26 22:42:08,0.0,0.110776454,15.53005599975586,265.3861389160156,POINT (-110.8277 31.7894)
US-SRG,2020-09-30 21:10:05,0.0,0.08071298,8.347672462463379,277.4930419921875,POINT (-110.8277 31.7894)
US-SRG,2020-10-04 19:37:26,0.0,0.08822252,6.245233058929443,279.974853515625,POINT (-110.8277 31.7894)
US-SRG,2020-10-08 18:04:32,0.0,0.0877663,8.792193412780762,258.9044189453125,POINT (-110.8277 31.7894)
US-SRG,2020-10-12 16:30:30,0.0,0.053907678,12.42483139038086,267.828125,POINT (-110.8277 31.7894)
US-SRG,2020-10-17 22:18:32,0.17846681,0.06995809,10.055834770202637,273.5949401855469,POINT (-110.8277 31.7894)
US-SRG,2020-10-21 20:43:41,0.0456543,0.080076516,10.155369758605957,277.1295166015625,POINT (-110.8277 31.7894)
US-SRG,2020-11-28 21:43:31,0.0,0.02725654,2.5519981384277344,264.93060302734375,POINT (-110.8277 31.7894)
US-SRG,2020-12-02 20:10:10,0.0,0.020324118,2.8084964752197266,284.6871032714844,POINT (-110.8277 31.7894)
US-SRG,2020-12-06 18:36:35,0.0,0.02219274,3.4832189083099365,261.5837707519531,POINT (-110.8277 31.7894)
US-SRG,2020-12-19 21:17:14,0.0,0.024460677,2.861914873123169,282.2305603027344,POINT (-110.8277 31.7894)
US-SRG,2021-01-30 20:45:39,0.0,0.023198375,6.872837543487549,265.5915222167969,POINT (-110.8277 31.7894)
US-SRG,2021-02-11 16:07:23,0.0,0.033814162,7.185080051422119,285.37548828125,POINT (-110.8277 31.7894)
US-SRG,2021-02-24 18:50:35,0.0,0.030819865,2.5509254932403564,266.0153503417969,POINT (-110.8277 31.7894)
US-SRG,2021-02-28 17:18:17,0.0,0.07435675,3.14021897315979,316.8141174316406,POINT (-110.8277 31.7894)
US-SRG,2021-03-26 23:05:27,8.859375,0.09023784,9.820415496826172,350.1913146972656,POINT (-110.8277 31.7894)
US-SRG,2021-03-30 21:32:40,0.0,0.07789219,3.565016508102417,335.069580078125,POINT (-110.8277 31.7894)
US-SRG,2021-04-03 20:00:03,0.0028915412,0.06710775,7.585275650024414,290.7073059082031,POINT (-110.8277 31.7894)
US-SRG,2021-04-07 18:27:32,0.12646492,0.06186133,3.849186897277832,286.6534423828125,POINT (-110.8277 31.7894)
US-SRG,2021-04-20 21:12:43,0.0,0.067432255,4.490973472595215,311.7695007324219,POINT (-110.8277 31.7894)
US-SRG,2021-04-24 19:40:01,0.0,0.07515832,7.675578594207764,304.8787841796875,POINT (-110.8277 31.7894)
US-SRG,2021-05-25 23:07:18,0.08532715,0.079603806,6.893436431884766,308.445556640625,POINT (-110.8277 31.7894)
US-SRG,2021-05-29 21:34:33,0.0176697,0.059706658,4.369560241699219,303.10955810546875,POINT (-110.8277 31.7894)
US-SRG,2021-06-10 16:56:09,0.026214618,0.032498647,7.005075931549072,284.0937805175781,POINT (-110.8277 31.7894)
US-SRG,2021-06-26 18:54:55,0.0,0.047848254,13.50216007232666,291.3968200683594,POINT (-110.8277 31.7894)
US-SRG,2021-08-04 19:22:03,0.0,0.083229475,18.899234771728516,280.0405578613281,POINT (-110.8277 31.7894)
US-SRG,2021-10-28 17:49:00,0.0,0.02989946,6.813370227813721,253.93643188476562,POINT (-110.8277 31.7894)
US-SRG,2021-12-02 19:51:11,0.0,0.029003976,11.015458106994629,258.92327880859375,POINT (-110.8277 31.7894)
US-SRG,2022-01-25 22:35:11,0.0,0.03349924,5.852602958679199,305.4602966308594,POINT (-110.8277 31.7894)
US-SRG,2022-01-29 20:59:19,0.0,0.02170958,7.577740669250488,315.8851013183594,POINT (-110.8277 31.7894)
US-SRG,2022-02-10 16:11:44,0.0,0.03798048,3.7166593074798584,330.27923583984375,POINT (-110.8277 31.7894)
US-SRG,2022-03-02 16:22:39,0.0,0.042216945,5.273737907409668,278.18267822265625,POINT (-110.8277 31.7894)
US-SRG,2022-04-01 20:20:18,0.0,0.060245804,8.078893661499023,328.21893310546875,POINT (-110.8277 31.7894)
US-SRG,2022-04-05 18:44:28,0.0,0.065350875,9.641000747680664,309.51654052734375,POINT (-110.8277 31.7894)
US-SRG,2022-04-09 17:07:37,0.0,0.0638242,4.719839572906494,300.8719482421875,POINT (-110.8277 31.7894)
US-SRG,2022-04-17 22:03:08,0.007889461,0.08319419,3.1172590255737305,279.456787109375,POINT (-110.8277 31.7894)
US-SRG,2022-04-21 20:26:15,0.0,0.05148929,7.034318447113037,295.2595520019531,POINT (-110.8277 31.7894)
US-SRG,2022-04-29 17:13:52,0.0,0.083184935,3.373170852661133,308.95001220703125,POINT (-110.8277 31.7894)
US-SRG,2022-05-06 14:49:08,0.0,0.068971984,4.577038764953613,305.43939208984375,POINT (-110.8277 31.7894)
US-SRG,2022-05-25 22:41:05,0.0,0.085336566,9.081620216369629,300.391357421875,POINT (-110.8277 31.7894)
US-SRG,2022-06-01 20:17:13,0.0,0.0670484,7.536343574523926,290.5804443359375,POINT (-110.8277 31.7894)
US-Rms,2019-06-09 20:02:08,0.0,0.06739301,6.966264724731445,337.5066223144531,POINT (-116.7486 43.0645)
US-Rms,2019-06-15 00:00:03,0.053039566,0.07238225,9.402497291564941,344.8273620605469,POINT (-116.7486 43.0645)
US-Rms,2019-06-19 16:37:25,0.15795913,0.054031823,11.466517448425293,314.5267639160156,POINT (-116.7486 43.0645)
US-Rms,2019-06-22 20:37:33,0.18774423,0.080786854,8.078932762145996,356.70269775390625,POINT (-116.7486 43.0645)
US-Rms,2019-06-23 14:56:03,0.019683894,0.060382187,12.97639274597168,331.25146484375,POINT (-116.7486 43.0645)
US-Rms,2019-07-06 15:31:33,0.0,0.080083,9.733444213867188,352.84765625,POINT (-116.7486 43.0645)
US-Rms,2019-08-06 21:15:00,5.3515625,0.13223206,19.515562057495117,279.5553894042969,POINT (-116.7486 43.0645)
US-Rms,2019-08-14 17:53:39,0.0,0.07442887,14.824301719665527,290.9534912109375,POINT (-116.7486 43.0645)
US-Rms,2019-08-15 23:33:06,0.1831055,0.08619905,14.81796646118164,286.45751953125,POINT (-116.7486 43.0645)
US-Rms,2019-08-16 22:44:36,0.0,0.052921027,6.735564231872559,313.21002197265625,POINT (-116.7486 43.0645)
US-Rms,2019-08-17 17:03:47,0.0,0.08161054,7.979949474334717,314.77825927734375,POINT (-116.7486 43.0645)
US-Rms,2019-08-19 21:55:09,0.017059332,0.079601176,11.952241897583008,295.769775390625,POINT (-116.7486 43.0645)
US-Rms,2019-08-23 20:16:03,0.035217505,0.0914907,11.633252143859863,297.398681640625,POINT (-116.7486 43.0645)
US-Rms,2019-08-27 18:38:21,0.0,0.043918237,7.332615852355957,284.5411376953125,POINT (-116.7486 43.0645)
US-Rms,2019-10-30 17:23:24,0.0,0.03722718,2.144078254699707,263.1087646484375,POINT (-116.7486 43.0645)
US-Rms,2020-06-23 19:31:29,0.112304695,0.053532656,13.15703010559082,294.3011474609375,POINT (-116.7486 43.0645)
US-Rms,2020-07-27 00:26:56,0.0,0.11985943,12.843947410583496,295.82373046875,POINT (-116.7486 43.0645)
US-Rms,2020-07-30 22:52:37,7.0078125,0.098675296,18.6943359375,291.2619934082031,POINT (-116.7486 43.0645)
US-Rms,2020-08-03 21:19:08,0.0,0.13076468,12.945515632629395,294.94525146484375,POINT (-116.7486 43.0645)
US-Rms,2020-08-07 19:45:46,0.0,0.05972608,7.703568935394287,312.7228088378906,POINT (-116.7486 43.0645)
US-Rms,2020-08-10 00:39:02,0.0,0.03197076,12.7493314743042,300.3250732421875,POINT (-116.7486 43.0645)
US-Rms,2021-06-02 21:39:32,0.0,0.04285425,11.02784538269043,298.9966735839844,POINT (-116.7486 43.0645)
US-Rms,2021-06-06 20:06:48,0.0036888146,0.048237443,9.278996467590332,319.0067443847656,POINT (-116.7486 43.0645)
US-NR4,2019-08-13 17:07:40,0.0,0.042355355,8.5043306350708,291.8493957519531,POINT (-105.5859 40.052)
US-NR4,2019-10-15 16:37:40,0.0,0.034952812,3.513895273208618,285.26019287109375,POINT (-105.5859 40.052)
US-xJR,2019-01-28 22:40:54,0.006172205,0.03764899,6.543874263763428,255.98704528808594,POINT (-106.8425 32.5907)
US-xJR,2019-06-20 14:11:18,0.0,0.103430636,8.179116249084473,346.05657958984375,POINT (-106.8425 32.5907)
US-xJR,2019-07-09 14:43:24,0.0,0.05544479,14.564352035522461,281.6651611328125,POINT (-106.8425 32.5907)
US-xJR,2019-10-09 18:14:39,0.0,0.04517343,9.946023941040039,279.1927490234375,POINT (-106.8425 32.5907)
US-xJR,2019-12-21 21:12:36,0.0,0.0234247,3.534579038619995,279.55340576171875,POINT (-106.8425 32.5907)
US-xJR,2019-12-29 18:00:00,0.0,0.043992244,3.262633800506592,307.79632568359375,POINT (-106.8425 32.5907)
US-xJR,2020-02-25 19:14:05,0.043945312,0.04646836,2.2142176628112793,312.005615234375,POINT (-106.8425 32.5907)
US-xJR,2020-02-25 19:14:57,0.043945312,0.04646836,2.2142176628112793,312.005615234375,POINT (-106.8425 32.5907)
US-xJR,2020-03-27 22:36:51,0.0,0.08858616,6.238980293273926,316.5328369140625,POINT (-106.8425 32.5907)
US-xJR,2020-04-08 18:00:18,0.02456665,0.09002124,6.7833476066589355,304.75634765625,POINT (-106.8425 32.5907)
US-xJR,2020-04-12 16:28:19,0.0,0.080101706,10.296449661254883,335.10467529296875,POINT (-106.8425 32.5907)
US-xJR,2020-04-21 20:45:24,0.0,0.086197235,6.885866165161133,306.9209289550781,POINT (-106.8425 32.5907)
US-xJR,2020-05-03 16:02:50,0.0,0.06362625,7.460402965545654,300.81982421875,POINT (-106.8425 32.5907)
US-xJR,2021-06-19 21:13:21,0.0,0.13286124,16.78346061706543,296.1583557128906,POINT (-106.8425 32.5907)
US-xJR,2021-08-05 18:35:41,0.0,0.1787258,21.342050552368164,281.2315673828125,POINT (-106.8425 32.5907)
US-xJR,2021-10-21 20:06:43,0.0,0.05160267,10.797179222106934,293.3477783203125,POINT (-106.8425 32.5907)
US-xJR,2021-10-25 18:34:37,0.0,0.036617108,10.84903621673584,263.46636962890625,POINT (-106.8425 32.5907)
US-xJR,2021-12-11 15:59:28,0.0,0.030473767,2.8202104568481445,298.75103759765625,POINT (-106.8425 32.5907)
US-xJR,2021-12-20 20:15:33,0.0,0.018128762,3.47432279586792,263.82696533203125,POINT (-106.8425 32.5907)
US-xJR,2022-02-15 21:57:44,0.047363337,0.050563045,3.218367576599121,270.9709777832031,POINT (-106.8425 32.5907)
US-xJR,2022-02-19 20:21:33,0.0,0.03018998,3.502742052078247,274.188720703125,POINT (-106.8425 32.5907)
US-xJR,2022-02-19 20:22:25,0.0,0.03018998,3.502742052078247,274.188720703125,POINT (-106.8425 32.5907)
US-xJR,2022-03-25 22:43:47,0.0,0.096350424,4.256502628326416,289.1429443359375,POINT (-106.8425 32.5907)
US-xJR,2022-04-02 19:32:57,0.0,0.061238162,6.996166229248047,323.3903503417969,POINT (-106.8425 32.5907)
US-xJR,2022-04-05 18:45:20,0.0,0.055320006,9.233744621276855,311.1910095214844,POINT (-106.8425 32.5907)
US-xJR,2022-04-18 21:15:21,0.0,0.09822801,4.209624767303467,277.393310546875,POINT (-106.8425 32.5907)
US-xJR,2022-04-22 19:38:02,0.0,0.069022164,7.05351448059082,307.3006591796875,POINT (-106.8425 32.5907)
US-xJR,2022-04-29 17:14:44,0.0,0.08825746,3.6040072441101074,311.81640625,POINT (-106.8425 32.5907)
US-MMS,2019-06-25 18:14:07,0.019928003,0.098592006,26.01030921936035,340.61224365234375,POINT (-86.4131 39.3232)
US-MMS,2019-07-28 22:16:41,0.4663086,0.25646725,31.038463592529297,299.0800476074219,POINT (-86.4131 39.3232)
US-MMS,2019-08-04 19:44:20,0.30908206,0.14641963,25.316471099853516,316.62347412109375,POINT (-86.4131 39.3232)
US-MMS,2019-09-04 13:50:33,0.0,0.22801577,24.68601417541504,294.4556884765625,POINT (-86.4131 39.3232)
US-MMS,2019-10-04 19:08:30,0.0,0.05460151,12.231837272644043,253.1181640625,POINT (-86.4131 39.3232)
US-MMS,2019-10-19 19:56:46,3.5390625,0.0766817,14.676487922668457,285.8551330566406,POINT (-86.4131 39.3232)
US-MMS,2019-10-23 18:19:10,0.0,0.07122712,12.99559497833252,269.6918029785156,POINT (-86.4131 39.3232)
US-MMS,2020-04-22 18:23:36,0.0016403232,0.132608,13.227581024169922,353.8891906738281,POINT (-86.4131 39.3232)
US-MMS,2020-06-03 19:23:12,0.98046875,0.1737222,33.01689147949219,305.57196044921875,POINT (-86.4131 39.3232)
US-MMS,2020-06-07 17:48:39,0.0,0.074625455,27.462940216064453,284.6341857910156,POINT (-86.4131 39.3232)
US-MMS,2020-06-11 22:44:09,0.0,0.0819361,19.5488338470459,309.8958435058594,POINT (-86.4131 39.3232)
US-MMS,2020-06-15 14:39:18,0.0,0.07227367,10.785574913024902,332.6324462890625,POINT (-86.4131 39.3232)
US-MMS,2020-07-05 13:16:44,0.06579592,0.30418065,32.37745666503906,301.19537353515625,POINT (-86.4131 39.3232)
US-MMS,2020-08-16 14:18:11,32.3125,0.6987,27.720182418823242,294.4747009277344,POINT (-86.4131 39.3232)
US-MMS,2020-08-16 20:48:42,0.0,0.08978937,25.284299850463867,304.87872314453125,POINT (-86.4131 39.3232)
US-MMS,2020-08-20 19:15:24,0.0,0.098580964,16.565153121948242,306.42095947265625,POINT (-86.4131 39.3232)
US-MMS,2020-08-21 18:27:38,0.89453125,0.13775438,14.454219818115234,300.23651123046875,POINT (-86.4131 39.3232)
US-MMS,2020-10-07 17:21:02,0.0,0.13863948,22.970979690551758,258.3403015136719,POINT (-86.4131 39.3232)
US-MMS,2021-04-14 21:08:53,0.0,0.109033495,11.065589904785156,332.12762451171875,POINT (-86.4131 39.3232)
US-MMS,2021-08-07 17:05:28,0.12866215,0.4819405,35.291961669921875,321.3472900390625,POINT (-86.4131 39.3232)
US-MMS,2021-08-11 15:33:00,0.6259766,0.31938052,44.728904724121094,295.4836730957031,POINT (-86.4131 39.3232)
US-MMS,2021-08-11 22:03:10,0.40576175,0.1966483,43.04047775268555,294.27130126953125,POINT (-86.4131 39.3232)
US-MMS,2021-09-28 20:27:55,0.0,0.14146586,25.966941833496094,291.60760498046875,POINT (-86.4131 39.3232)
US-MMS,2021-12-08 16:48:34,0.0,0.090434015,6.902676582336426,328.52764892578125,POINT (-86.4131 39.3232)
US-MMS,2022-02-08 16:17:16,0.0,0.11535268,8.090396881103516,305.9270324707031,POINT (-86.4131 39.3232)
US-MMS,2022-02-09 15:28:57,0.057495136,0.08681962,7.493037700653076,354.3620300292969,POINT (-86.4131 39.3232)
US-MMS,2022-04-26 16:27:53,0.0,0.17432624,5.423389911651611,328.0860290527344,POINT (-86.4131 39.3232)
US-MMS,2022-04-27 15:39:26,0.0016088752,0.22920653,11.462920188903809,312.25469970703125,POINT (-86.4131 39.3232)
US-MMS,2022-06-11 15:33:15,2.1055365,0.22227934,28.696361541748047,333.5816650390625,POINT (-86.4131 39.3232)
US-MMS,2022-06-15 13:56:50,0.0,0.21351455,34.99592208862305,307.06414794921875,POINT (-86.4131 39.3232)
US-MMS,2022-06-19 18:49:57,0.0,0.14248914,18.723514556884766,313.1669921875,POINT (-86.4131 39.3232)
US-MMS,2022-06-23 17:14:47,0.0,0.078853115,17.235069274902344,304.46014404296875,POINT (-86.4131 39.3232)
US-MMS,2022-07-31 19:27:14,0.27222347,0.14711908,33.29411315917969,311.4342956542969,POINT (-86.4131 39.3232)
US-MMS,2022-08-12 14:34:30,0.69827974,0.08742281,14.457785606384277,316.72259521484375,POINT (-86.4131 39.3232)
US-MMS,2022-08-31 13:46:43,0.0,0.06839449,16.034971237182617,300.89263916015625,POINT (-86.4131 39.3232)
US-MMS,2022-10-03 18:17:18,0.0,0.041908804,7.047815799713135,290.86920166015625,POINT (-86.4131 39.3232)
US-MMS,2022-10-11 15:05:47,0.6168684,0.16871351,20.023700714111328,297.256591796875,POINT (-86.4131 39.3232)
US-MMS,2022-10-23 16:46:46,0.0,0.15612541,24.568756103515625,268.00628662109375,POINT (-86.4131 39.3232)
US-MMS,2023-04-09 15:57:44,0.0,0.19248474,6.492639541625977,332.86309814453125,POINT (-86.4131 39.3232)
US-MMS,2023-04-09 22:27:42,0.07551961,0.1372381,7.712522506713867,344.86029052734375,POINT (-86.4131 39.3232)
US-MMS,2023-04-10 15:09:18,0.0,0.116756916,5.634556770324707,350.8316955566406,POINT (-86.4131 39.3232)
US-MMS,2023-04-13 20:52:11,0.0,0.06942405,10.419939041137695,335.70184326171875,POINT (-86.4131 39.3232)
US-MMS,2023-05-29 19:45:17,0.0,0.15479663,29.226425170898438,355.60504150390625,POINT (-86.4131 39.3232)
US-MMS,2023-06-01 18:55:45,0.017951712,0.11341936,30.43136978149414,332.018310546875,POINT (-86.4131 39.3232)
US-MMS,2023-06-09 15:37:54,0.0,0.16265075,9.532819747924805,342.65472412109375,POINT (-86.4131 39.3232)
US-MMS,2023-06-09 22:08:14,0.051840257,0.19026366,14.949843406677246,334.4764404296875,POINT (-86.4131 39.3232)
US-UC1,2019-10-28 15:54:19,0.0,0.054415625,8.049691200256348,250.7841339111328,POINT (-78.0056 40.7536)
US-UC1,2020-08-10 22:21:26,0.00058471545,0.14630483,25.213111877441406,303.9177551269531,POINT (-78.0056 40.7536)
US-UC1,2020-08-22 17:40:37,0.0,0.1730672,25.996797561645508,298.48797607421875,POINT (-78.0056 40.7536)
US-UC1,2020-10-21 17:34:15,2.0546875,0.10239127,20.420669555664062,297.3484802246094,POINT (-78.0056 40.7536)
US-UC1,2021-03-30 20:03:06,0.0,0.097013146,10.115797996520996,322.882080078125,POINT (-78.0056 40.7536)
US-UC1,2021-07-27 20:57:22,2.6601562,0.31858417,28.823436737060547,318.5014953613281,POINT (-78.0056 40.7536)
US-UC1,2022-04-24 16:28:21,0.0,0.18869556,21.93418312072754,306.3337707519531,POINT (-78.0056 40.7536)
US-UC1,2022-04-29 14:04:17,0.0,0.16062343,3.4869892597198486,355.9015197753906,POINT (-78.0056 40.7536)
US-UC1,2022-08-13 20:17:13,0.49609572,0.05062329,13.217902183532715,319.5040283203125,POINT (-78.0056 40.7536)
US-xDL,2020-12-10 15:30:10,0.0,0.036279812,12.18562126159668,263.58984375,POINT (-87.8039 32.5417)
US-xDL,2020-12-27 16:37:10,0.0,0.03700586,6.934658527374268,279.84039306640625,POINT (-87.8039 32.5417)
US-xBL,2021-03-30 20:02:14,0.0,0.08944479,10.178297996520996,325.007080078125,POINT (-78.0716 39.0603)
US-xBL,2021-05-01 14:12:18,0.0,0.052001283,5.106443881988525,331.6918640136719,POINT (-78.0716 39.0603)
US-xBL,2021-07-27 20:57:22,0.0,0.2045705,21.604686737060547,314.8452453613281,POINT (-78.0716 39.0603)
US-xBL,2021-08-24 16:40:58,0.0,0.17099473,32.84812927246094,302.60662841796875,POINT (-78.0716 39.0603)
US-xBL,2022-04-24 16:28:21,0.016073475,0.17606129,26.30497169494629,306.8533020019531,POINT (-78.0716 39.0603)
US-xBL,2022-06-05 17:11:24,0.046580013,0.10788486,19.85213279724121,337.3523254394531,POINT (-78.0716 39.0603)
US-xBL,2022-08-24 16:12:21,42.31266,0.23650983,28.977184295654297,309.65765380859375,POINT (-78.0716 39.0603)
US-xBL,2022-10-09 15:06:36,0.0,0.053968266,7.013877868652344,309.3790283203125,POINT (-78.0716 39.0603)
US-xST,2019-06-08 19:20:00,0.0,0.06657324,10.983394622802734,313.7920227050781,POINT (-89.5864 45.5089)
US-xST,2019-07-30 22:14:52,0.0,0.075525664,12.311440467834473,324.8480529785156,POINT (-89.5864 45.5089)
US-xST,2020-02-24 16:49:41,3.1640625,0.076283306,3.9727625846862793,358.5526123046875,POINT (-89.5864 45.5089)
US-xST,2020-02-28 15:15:57,0.0,0.077073246,2.0312318801879883,485.15484619140625,POINT (-89.5864 45.5089)
US-xST,2020-05-02 13:37:52,1.7773438,0.13579366,11.284902572631836,308.1241149902344,POINT (-89.5864 45.5089)
US-xST,2021-04-16 19:32:30,0.0,0.08076072,7.032147407531738,365.61859130859375,POINT (-89.5864 45.5089)
US-xSB,2021-03-04 14:12:49,0.0,0.08039485,12.470430374145508,297.14764404296875,POINT (-81.9934 29.6893)
US-xSB,2021-04-13 13:47:36,0.0,0.10167459,15.219840049743652,294.7937316894531,POINT (-81.9934 29.6893)
US-xSB,2022-10-02 17:28:07,0.0,0.05752607,17.593021392822266,269.9544677734375,POINT (-81.9934 29.6893)
US-xSB,2022-10-21 18:25:30,0.0,0.06857742,10.266706466674805,295.19366455078125,POINT (-81.9934 29.6893)
US-xSB,2022-10-25 16:49:57,0.0,0.049240436,20.25052833557129,250.958740234375,POINT (-81.9934 29.6893)
US-xSB,2022-10-25 16:50:49,0.0,0.049240436,20.25052833557129,250.958740234375,POINT (-81.9934 29.6893)
US-xRN,2020-04-15 14:11:35,0.0,0.09104622,3.4988529682159424,324.38922119140625,POINT (-84.2826 35.9641)
US-xRN,2020-09-30 19:37:55,0.0,0.06317425,21.066423416137695,276.4930419921875,POINT (-84.2826 35.9641)
US-xRN,2020-11-28 20:11:34,0.0,0.049297046,7.801998138427734,272.43060302734375,POINT (-84.2826 35.9641)
US-xRN,2022-10-14 20:48:23,0.0,0.0461999,9.326419830322266,314.8336181640625,POINT (-84.2826 35.9641)
US-UC2,2020-08-09 16:39:13,0.021118164,0.24747247,29.837284088134766,300.5036315917969,POINT (-77.9998 40.7559)
US-UC2,2020-08-10 22:21:26,0.00058471545,0.14630483,25.213111877441406,303.9177551269531,POINT (-77.9998 40.7559)
US-UC2,2020-08-22 17:40:37,0.0,0.1730672,25.996797561645508,298.48797607421875,POINT (-77.9998 40.7559)
US-UC2,2021-03-30 20:03:06,0.0,0.097013146,10.115797996520996,322.882080078125,POINT (-77.9998 40.7559)
US-UC2,2022-06-29 14:03:18,0.0,0.19107288,14.395925521850586,340.342041015625,POINT (-77.9998 40.7559)
US-UC2,2022-08-13 20:17:13,0.49609572,0.05062329,13.217902183532715,319.5040283203125,POINT (-77.9998 40.7559)
US-xTR,2019-06-08 19:20:00,0.0,0.06657324,10.983394622802734,313.7920227050781,POINT (-89.5857 45.4937)
US-xTR,2019-07-30 22:14:52,0.0,0.075525664,12.311440467834473,324.8480529785156,POINT (-89.5857 45.4937)
US-xTR,2020-02-24 16:49:41,3.1640625,0.076283306,3.9727625846862793,358.5526123046875,POINT (-89.5857 45.4937)
US-xTR,2020-06-16 15:28:25,0.058654793,0.16272512,27.206083297729492,312.10205078125,POINT (-89.5857 45.4937)
US-xTR,2020-06-16 20:19:58,0.0,0.14632723,28.92582130432129,311.3168029785156,POINT (-89.5857 45.4937)
US-xTR,2020-06-17 14:40:24,0.0,0.10411497,16.034114837646484,314.2371520996094,POINT (-89.5857 45.4937)
US-xTR,2020-06-17 19:32:40,0.0,0.08773349,16.798053741455078,320.1169128417969,POINT (-89.5857 45.4937)
US-xTR,2021-07-26 23:20:22,4.7421875,0.2054205,31.5444278717041,311.0446472167969,POINT (-89.5857 45.4937)
US-xTR,2021-08-16 14:50:35,0.0,0.07041377,15.98790168762207,301.6161193847656,POINT (-89.5857 45.4937)
US-xTR,2021-08-16 19:42:33,0.0,0.07066269,18.609691619873047,301.52789306640625,POINT (-89.5857 45.4937)
US-xTR,2021-08-17 14:03:41,0.0,0.10461265,17.895896911621094,300.71331787109375,POINT (-89.5857 45.4937)
US-xTR,2021-09-01 13:36:14,0.0,0.10377295,8.243581771850586,294.6508483886719,POINT (-89.5857 45.4937)
US-xRM,2020-02-27 17:38:13,0.7324219,0.046212986,2.231550455093384,350.0634765625,POINT (-105.5459 40.2759)
US-xRM,2020-02-28 16:50:22,0.0,0.04588428,2.101144313812256,326.98858642578125,POINT (-105.5459 40.2759)
US-xRM,2020-04-06 19:36:00,0.0,0.067402005,4.033714771270752,326.2810363769531,POINT (-105.5459 40.2759)
US-xRM,2020-04-14 16:32:16,0.5400391,0.069830015,2.009103298187256,407.86138916015625,POINT (-105.5459 40.2759)
US-Jo2,2019-06-13 16:44:05,0.44287118,0.1482978,25.311569213867188,307.9998474121094,POINT (-106.6032 32.5849)
US-Jo2,2019-06-20 14:11:18,0.0,0.118567355,9.007241249084473,343.52532958984375,POINT (-106.6032 32.5849)
US-Jo2,2019-06-21 21:30:05,0.0,0.058111373,4.497354507446289,307.7391357421875,POINT (-106.6032 32.5849)
US-Jo2,2019-07-09 14:43:24,0.0,0.053003382,13.986227035522461,281.4151611328125,POINT (-106.6032 32.5849)
US-Jo2,2019-09-28 22:17:39,0.0,0.04681112,13.362613677978516,264.96270751953125,POINT (-106.6032 32.5849)
US-Jo2,2019-10-22 20:42:34,0.0,0.028812246,6.684037208557129,269.9102783203125,POINT (-106.6032 32.5849)
US-Jo2,2019-10-25 19:53:07,0.0,0.03560292,4.615011215209961,284.750732421875,POINT (-106.6032 32.5849)
US-Jo2,2019-10-29 18:15:23,0.0,0.07199203,5.933110237121582,290.7225341796875,POINT (-106.6032 32.5849)
US-Jo2,2020-04-12 16:28:19,0.0,0.075340964,9.968324661254883,335.19842529296875,POINT (-106.6032 32.5849)
US-Jo2,2020-04-21 20:45:24,0.0,0.085831024,6.659303665161133,306.8115539550781,POINT (-106.6032 32.5849)
US-Jo2,2020-05-29 21:41:08,0.00018176279,0.073247045,19.307355880737305,299.8858642578125,POINT (-106.6032 32.5849)
US-Jo2,2020-06-17 14:36:04,0.0,0.06322142,17.893489837646484,293.5564880371094,POINT (-106.6032 32.5849)
US-Jo2,2020-06-22 20:22:54,0.0,0.14257494,12.75528621673584,297.3887939453125,POINT (-106.6032 32.5849)
US-Jo2,2020-06-30 17:13:30,0.0,0.060736917,10.370551109313965,290.37054443359375,POINT (-106.6032 32.5849)
US-Jo2,2020-07-04 15:38:43,0.0,0.12318095,24.95873260498047,278.241943359375,POINT (-106.6032 32.5849)
US-Jo2,2020-08-03 19:41:50,0.0,0.083235614,24.35176658630371,282.69525146484375,POINT (-106.6032 32.5849)
US-Jo2,2020-08-20 20:49:38,0.0,0.3582245,21.1903018951416,280.358642578125,POINT (-106.6032 32.5849)
US-Jo2,2020-08-28 17:41:54,0.39453137,0.16180608,20.063993453979492,271.43865966796875,POINT (-106.6032 32.5849)
US-Jo2,2020-09-27 21:55:24,0.0,0.0514746,7.79668664932251,261.76251220703125,POINT (-106.6032 32.5849)
US-Jo2,2020-10-01 20:23:04,0.0,0.05350491,7.776910305023193,278.36260986328125,POINT (-106.6032 32.5849)
US-Jo2,2020-10-05 18:50:41,0.0,0.11682165,7.390915393829346,283.3636779785156,POINT (-106.6032 32.5849)
US-Jo2,2020-10-09 17:17:24,0.0,0.10354476,8.775193214416504,258.0812683105469,POINT (-106.6032 32.5849)
US-Jo2,2020-10-13 15:43:20,0.0,0.0939056,8.046256065368652,267.13824462890625,POINT (-106.6032 32.5849)
US-Jo2,2020-10-22 19:57:15,0.0,0.066191405,8.938794136047363,275.5633544921875,POINT (-106.6032 32.5849)
US-Jo2,2020-11-29 20:56:51,0.0,0.022781722,3.080956220626831,273.07037353515625,POINT (-106.6032 32.5849)
US-Jo2,2020-12-03 19:23:22,0.0,0.037013292,3.793607473373413,314.7469482421875,POINT (-106.6032 32.5849)
US-Jo2,2020-12-07 17:49:46,0.0,0.024062447,3.9089128971099854,265.8531494140625,POINT (-106.6032 32.5849)
US-Jo2,2020-12-19 21:18:06,0.0,0.022721175,4.65488338470459,277.4805603027344,POINT (-106.6032 32.5849)
US-Jo2,2020-12-31 16:36:31,0.0,0.023685204,2.229778528213501,292.2541198730469,POINT (-106.6032 32.5849)
US-CS5,2021-08-15 20:29:45,0.0,0.09394352,21.601593017578125,314.6625061035156,POINT (-89.5377 44.1095)
US-CS5,2021-09-01 13:36:14,0.0,0.077283695,11.618581771850586,298.1508483886719,POINT (-89.5377 44.1095)
US-xWR,2020-08-04 22:07:27,0.0,0.055605475,11.576346397399902,312.853759765625,POINT (-121.9519 45.8205)
US-xWR,2020-08-05 21:20:29,0.00086505385,0.09487935,20.539806365966797,308.29119873046875,POINT (-121.9519 45.8205)
US-xWR,2020-08-09 19:46:50,0.0,0.037481695,16.34569549560547,303.0682678222656,POINT (-121.9519 45.8205)
US-xWR,2020-08-13 18:13:14,0.38232422,0.07454387,13.439549446105957,311.01251220703125,POINT (-121.9519 45.8205)
US-xWR,2020-08-13 23:04:23,0.15551758,0.07156813,15.594664573669434,304.03515625,POINT (-121.9519 45.8205)
US-xWR,2020-08-17 16:39:39,0.0,0.10370155,23.940021514892578,282.0231628417969,POINT (-121.9519 45.8205)
US-xWR,2020-10-15 22:12:29,0.0,0.033227656,13.682584762573242,253.78106689453125,POINT (-121.9519 45.8205)
US-xWR,2021-04-13 18:34:21,0.0,0.084394015,4.471615791320801,362.2275085449219,POINT (-121.9519 45.8205)
US-xWR,2021-04-14 17:47:18,0.0,0.059488397,8.616894721984863,341.2070007324219,POINT (-121.9519 45.8205)
US-xWR,2021-06-03 22:27:54,0.0,0.06052482,19.049495697021484,315.1331481933594,POINT (-121.9519 45.8205)
US-xWR,2021-06-16 21:54:08,0.0,0.052461796,11.592729568481445,325.2105712890625,POINT (-121.9519 45.8205)
US-xWR,2021-06-23 14:43:40,0.6904297,0.18278892,18.270214080810547,320.2967224121094,POINT (-121.9519 45.8205)
US-xWR,2021-06-24 18:47:49,0.014450075,0.08794688,24.14706802368164,308.49981689453125,POINT (-121.9519 45.8205)
US-xWR,2021-06-25 18:00:37,0.0,0.05947313,31.678043365478516,292.74957275390625,POINT (-121.9519 45.8205)
US-xWR,2021-07-26 01:38:51,0.0,0.04537416,15.437131881713867,301.1844787597656,POINT (-121.9519 45.8205)
US-xWR,2021-08-18 16:23:45,10.234375,0.40575203,18.302661895751953,303.5400390625,POINT (-121.9519 45.8205)
US-xWR,2022-06-27 17:08:07,0.0,0.06163426,19.25579833984375,311.9366149902344,POINT (-121.9519 45.8205)
US-xWR,2022-08-07 20:09:16,0.0,0.059095114,12.597373962402344,301.6009521484375,POINT (-121.9519 45.8205)
US-xWR,2022-08-08 19:20:35,0.21217199,0.13258933,23.670534133911133,297.9763488769531,POINT (-121.9519 45.8205)
US-xWR,2022-08-09 00:12:03,7.4627833,0.16859469,30.470901489257812,298.7709045410156,POINT (-121.9519 45.8205)
US-xUK,2019-11-01 15:50:50,2.7148438,0.075990595,5.7640886306762695,317.32861328125,POINT (-95.1921 39.0404)
US-xUK,2019-12-02 20:23:53,0.03289796,0.049320474,6.1598100662231445,316.3070983886719,POINT (-95.1921 39.0404)
US-xUK,2020-02-29 16:04:44,0.0,0.06615177,8.61394214630127,348.5302429199219,POINT (-95.1921 39.0404)
US-xUK,2020-05-29 21:43:44,0.0,0.119999975,19.651105880737305,312.6846923828125,POINT (-95.1921 39.0404)
US-xUK,2020-06-02 20:09:12,0.0027275174,0.12526894,28.080387115478516,297.7787780761719,POINT (-95.1921 39.0404)
US-xUK,2021-08-09 17:06:35,0.0,0.38375682,33.10329055786133,307.1607666015625,POINT (-95.1921 39.0404)
US-xUK,2021-10-08 17:23:42,0.113647476,0.1310199,27.986103057861328,267.81622314453125,POINT (-95.1921 39.0404)
US-xUK,2021-10-16 20:49:42,0.0,0.068305224,8.512141227722168,286.5998229980469,POINT (-95.1921 39.0404)
US-xUN,2019-05-31 22:42:18,0.0,0.33411703,18.132068634033203,340.90997314453125,POINT (-89.5373 46.2339)
US-xUN,2020-06-14 20:19:04,0.0,0.053934585,10.862086296081543,317.453857421875,POINT (-89.5373 46.2339)
US-xUN,2020-06-16 15:28:25,1.7460938,0.18469778,29.018583297729492,314.29345703125,POINT (-89.5373 46.2339)
US-xUN,2020-06-17 19:31:48,0.0,0.07613681,16.079303741455078,315.5368347167969,POINT (-89.5373 46.2339)
US-xUN,2020-06-18 18:44:24,4.6953125,0.22368617,22.452531814575195,311.7218933105469,POINT (-89.5373 46.2339)
US-xUN,2020-06-25 16:22:26,0.1345215,0.05887876,14.526727676391602,335.58721923828125,POINT (-89.5373 46.2339)
US-xUN,2020-10-11 17:23:46,0.017639166,0.064917594,15.782936096191406,280.7625427246094,POINT (-89.5373 46.2339)
US-xUN,2021-04-22 13:10:49,0.0,0.11557821,5.428924560546875,389.13079833984375,POINT (-89.5373 46.2339)
US-xUN,2021-05-29 21:40:37,0.0136566395,0.11537072,5.994560241699219,327.87518310546875,POINT (-89.5373 46.2339)
US-xUN,2021-08-15 15:37:56,0.0,0.08456173,23.168373107910156,298.11749267578125,POINT (-89.5373 46.2339)
US-xUN,2021-08-16 14:50:35,0.0,0.06772822,15.69102668762207,301.1161193847656,POINT (-89.5373 46.2339)
US-xUN,2021-08-16 19:42:33,0.0,0.072127536,18.578441619873047,300.02789306640625,POINT (-89.5373 46.2339)
US-xBR,2019-02-19 18:28:22,0.39941415,0.056559764,2.5733799934387207,402.4779052734375,POINT (-71.2873 44.0639)
US-xBR,2019-10-05 18:23:16,0.0,0.035254456,5.468209743499756,276.7669677734375,POINT (-71.2873 44.0639)
US-xBR,2019-10-19 18:22:03,0.0,0.03377399,6.30707311630249,272.63079833984375,POINT (-71.2873 44.0639)
US-xBR,2020-02-22 16:51:08,0.09753421,0.16380712,5.4654717445373535,367.12615966796875,POINT (-71.2873 44.0639)
US-xBR,2021-04-03 18:32:07,0.0,0.11849935,2.9121668338775635,453.70343017578125,POINT (-71.2873 44.0639)
US-xBR,2021-06-24 15:42:38,0.05950928,0.059121646,11.067670822143555,335.3310546875,POINT (-71.2873 44.0639)
US-xBR,2022-02-01 18:43:40,0.0,0.058108643,3.9662725925445557,306.8939514160156,POINT (-71.2873 44.0639)
US-xBR,2022-06-20 11:35:07,0.0,0.07564503,8.200797080993652,369.24774169921875,POINT (-71.2873 44.0639)
US-xBR,2022-08-12 14:37:58,0.0,0.032965314,13.503143310546875,324.8702087402344,POINT (-71.2873 44.0639)
US-xBR,2022-10-08 15:56:21,0.0,0.03467484,3.560708522796631,325.8232421875,POINT (-71.2873 44.0639)
US-xCL,2019-10-19 21:32:33,0.0,0.0843089,22.06711196899414,288.2926330566406,POINT (-97.57 33.4012)
US-xCL,2019-11-04 15:02:26,0.0,0.10239594,14.554994583129883,292.06439208984375,POINT (-97.57 33.4012)
US-xCL,2019-12-03 19:34:07,0.097412184,0.037408732,12.449041366577148,293.17626953125,POINT (-97.57 33.4012)
US-xCL,2019-12-06 18:45:26,0.0736084,0.06591323,11.658953666687012,284.6991882324219,POINT (-97.57 33.4012)
US-xCL,2020-02-27 17:40:49,0.0,0.05610068,6.438581943511963,336.4384765625,POINT (-97.57 33.4012)
US-xCL,2020-05-30 20:55:05,0.0,0.092916854,23.15303611755371,305.81854248046875,POINT (-97.57 33.4012)
US-xCL,2020-12-25 18:10:05,0.0,0.03838877,9.219679832458496,294.2421875,POINT (-97.57 33.4012)
US-xCL,2021-03-28 21:33:13,0.0,0.09120103,6.933269023895264,344.9344787597656,POINT (-97.57 33.4012)
US-xCL,2021-04-01 20:00:21,0.0,0.131011,7.632161617279053,330.249755859375,POINT (-97.57 33.4012)
US-xCL,2021-06-25 18:06:41,0.06384277,0.12612352,33.428043365478516,296.99957275390625,POINT (-97.57 33.4012)
US-xCL,2021-08-10 16:17:21,0.07043469,0.11220429,32.5441780090332,303.49224853515625,POINT (-97.57 33.4012)
US-xCL,2021-08-23 19:02:52,0.0,0.068304904,32.72370529174805,298.40771484375,POINT (-97.57 33.4012)
US-xCL,2021-08-24 18:15:26,0.0,0.11308913,34.16062927246094,297.60662841796875,POINT (-97.57 33.4012)
US-xCL,2021-09-01 15:13:17,0.0,0.19888999,39.47795867919922,294.0258483886719,POINT (-97.57 33.4012)
US-xCL,2021-10-09 16:34:35,0.0,0.06570599,18.272912979125977,264.4525146484375,POINT (-97.57 33.4012)
US-xCL,2021-10-18 20:52:52,0.0010395222,0.06965638,19.256738662719727,284.5542297363281,POINT (-97.57 33.4012)
US-xCL,2021-10-31 15:28:41,0.0,0.07483882,13.613813400268555,261.65093994140625,POINT (-97.57 33.4012)
US-xCL,2022-10-27 16:48:23,0.51970446,0.08917912,16.832786560058594,260.1895751953125,POINT (-97.57 33.4012)
US-xKA,2019-07-30 22:13:08,5.0078125,0.16231766,36.170814514160156,294.8011779785156,POINT (-96.6129 39.1104)
US-xKA,2019-08-29 17:04:57,8.953125,0.18213446,37.285362243652344,291.27825927734375,POINT (-96.6129 39.1104)
US-xKA,2019-10-17 15:01:51,0.0,0.06116678,13.846781730651855,280.244384765625,POINT (-96.6129 39.1104)
US-xKA,2019-12-02 20:23:53,0.0,0.038212076,5.3785600662231445,313.5570983886719,POINT (-96.6129 39.1104)
US-xKA,2020-06-13 22:43:10,10.484375,0.12484238,28.641916275024414,292.9188537597656,POINT (-96.6129 39.1104)
US-xKA,2020-06-25 17:59:52,0.009002696,0.09855161,31.588109970092773,307.13787841796875,POINT (-96.6129 39.1104)
US-xKA,2020-08-15 21:34:36,0.0,0.20202647,25.439006805419922,298.9701843261719,POINT (-96.6129 39.1104)
US-xKA,2021-06-15 14:39:46,0.6328125,0.1062607,29.75858497619629,299.7853698730469,POINT (-96.6129 39.1104)
US-xKA,2021-06-18 13:53:56,0.092773445,0.18558575,25.561302185058594,306.4781799316406,POINT (-96.6129 39.1104)
US-xKA,2021-06-18 20:24:27,5.265625,0.19283362,31.999313354492188,304.7340393066406,POINT (-96.6129 39.1104)
US-xKA,2021-06-22 18:51:35,0.0,0.0980688,18.4490966796875,313.85137939453125,POINT (-96.6129 39.1104)
US-xKA,2021-06-23 18:03:45,0.07165527,0.25650004,35.800235748291016,302.8446960449219,POINT (-96.6129 39.1104)
US-xKA,2021-07-05 13:27:44,0.0,0.18189943,24.93840980529785,310.6866760253906,POINT (-96.6129 39.1104)
US-xKA,2021-12-19 19:26:21,0.0,0.03183707,4.587925434112549,292.57843017578125,POINT (-96.6129 39.1104)
US-xKA,2022-06-14 14:43:23,0.009305238,0.253038,33.52589797973633,303.37847900390625,POINT (-96.6129 39.1104)
US-xKA,2022-06-17 13:55:06,1.2843952,0.25869772,30.385005950927734,294.793701171875,POINT (-96.6129 39.1104)
US-xKA,2022-06-18 13:06:30,0.0658376,0.33672455,29.252166748046875,301.26171875,POINT (-96.6129 39.1104)
US-xKA,2022-08-14 14:32:26,0.000121113844,0.12835065,30.076271057128906,302.001708984375,POINT (-96.6129 39.1104)
US-xKA,2022-08-25 16:58:23,0.0,0.13594419,33.21460723876953,301.5595703125,POINT (-96.6129 39.1104)
US-xKA,2022-10-17 19:56:21,0.0,0.0423048,7.632440567016602,275.54693603515625,POINT (-96.6129 39.1104)
US-xTE,2019-07-05 16:20:59,0.0,0.06695119,7.767516136169434,336.4613342285156,POINT (-119.006 37.0058)
US-xTE,2019-10-02 22:15:58,0.0,0.038285717,3.6964833736419678,272.67669677734375,POINT (-119.006 37.0058)
US-xTE,2019-10-03 21:27:27,0.0,0.05427494,4.103137969970703,276.67413330078125,POINT (-119.006 37.0058)
US-xTE,2019-10-06 20:38:40,0.0,0.048123434,6.790759563446045,270.17999267578125,POINT (-119.006 37.0058)
US-xTE,2019-10-14 17:23:35,0.0,0.073161505,2.990767478942871,306.25823974609375,POINT (-119.006 37.0058)
US-xTE,2020-05-01 17:35:43,0.39404297,0.08392647,10.276875495910645,321.92816162109375,POINT (-119.006 37.0058)
US-xTE,2020-05-26 00:50:46,0.0,0.06022923,15.591500282287598,310.8713073730469,POINT (-119.006 37.0058)
US-xTE,2020-05-27 00:02:55,0.22314455,0.051578287,12.918840408325195,316.55450439453125,POINT (-119.006 37.0058)
US-xTE,2020-06-14 16:57:56,0.0,0.06361476,6.346836566925049,317.234375,POINT (-119.006 37.0058)
US-xTE,2020-06-25 19:32:57,9.984375,0.08313897,15.068506240844727,311.64300537109375,POINT (-119.006 37.0058)
US-xTE,2020-07-31 22:03:18,0.0,0.048729915,7.699583530426025,286.6405029296875,POINT (-119.006 37.0058)
US-xTE,2020-08-04 20:29:50,0.0,0.07339368,8.216971397399902,290.135009765625,POINT (-119.006 37.0058)
US-xTE,2020-08-08 18:56:24,0.0,0.07029345,12.37514591217041,302.8141784667969,POINT (-119.006 37.0058)
US-xTE,2020-08-12 00:41:50,0.0,0.0691332,11.790128707885742,283.04022216796875,POINT (-119.006 37.0058)
US-xTE,2020-08-26 19:14:53,0.0,0.121593945,9.61888599395752,271.29144287109375,POINT (-119.006 37.0058)
US-xTE,2021-08-29 17:30:13,0.0,0.111535385,7.581676959991455,282.414794921875,POINT (-119.006 37.0058)
US-xTE,2021-11-29 22:12:06,0.0,0.059366986,5.397392749786377,257.0037841796875,POINT (-119.006 37.0058)
US-Rwf,2019-06-09 20:02:08,0.0,0.06739301,6.966264724731445,337.5066223144531,POINT (-116.7231 43.1207)
US-Rwf,2019-06-15 00:00:03,0.053039566,0.07238225,9.402497291564941,344.8273620605469,POINT (-116.7231 43.1207)
US-Rwf,2019-06-19 16:37:25,0.15795913,0.054031823,11.466517448425293,314.5267639160156,POINT (-116.7231 43.1207)
US-Rwf,2019-06-22 20:37:33,0.18774423,0.080786854,8.078932762145996,356.70269775390625,POINT (-116.7231 43.1207)
US-Rwf,2019-06-23 14:56:03,0.019683894,0.060382187,12.97639274597168,331.25146484375,POINT (-116.7231 43.1207)
US-Rwf,2019-07-03 16:22:47,0.19262697,0.0541348,8.82226848602295,347.95989990234375,POINT (-116.7231 43.1207)
US-Rwf,2019-08-03 22:06:26,0.0048217787,0.09027152,16.935039520263672,294.9124450683594,POINT (-116.7231 43.1207)
US-Rwf,2019-08-06 21:15:00,5.3515625,0.13223206,19.515562057495117,279.5553894042969,POINT (-116.7231 43.1207)
US-Rwf,2019-08-31 17:00:14,0.0,0.094032064,14.803229331970215,285.396728515625,POINT (-116.7231 43.1207)
US-Rwf,2020-05-03 16:00:15,0.0,0.08175369,3.3939969539642334,352.50732421875,POINT (-116.7231 43.1207)
US-Rwf,2020-05-29 00:06:03,43.0,0.059601117,22.53116798400879,298.0516357421875,POINT (-116.7231 43.1207)
US-Rwf,2020-06-23 19:31:29,0.112304695,0.053532656,13.15703010559082,294.3011474609375,POINT (-116.7231 43.1207)
US-Rwf,2020-07-05 14:47:17,0.0,0.07676366,11.7490873336792,297.22955322265625,POINT (-116.7231 43.1207)
US-Rwf,2020-07-27 00:26:56,0.0,0.11985943,12.843947410583496,295.82373046875,POINT (-116.7231 43.1207)
US-Rwf,2020-08-03 21:19:08,0.0,0.13076468,12.945515632629395,294.94525146484375,POINT (-116.7231 43.1207)
US-Rwf,2020-08-06 20:33:23,0.0,0.09687355,17.511150360107422,304.66156005859375,POINT (-116.7231 43.1207)
US-Rwf,2020-08-07 19:45:46,0.0,0.05972608,7.703568935394287,312.7228088378906,POINT (-116.7231 43.1207)
US-Rwf,2020-08-10 00:39:02,0.0,0.03197076,12.7493314743042,300.3250732421875,POINT (-116.7231 43.1207)
US-Rwf,2020-08-10 18:59:51,0.0,0.051905617,11.090635299682617,295.246337890625,POINT (-116.7231 43.1207)
US-Rwf,2020-08-13 23:06:09,0.0,0.07852614,12.750914573669434,302.84765625,POINT (-116.7231 43.1207)
US-Rwf,2020-08-14 17:26:16,0.0,0.03178718,9.77853775024414,291.37908935546875,POINT (-116.7231 43.1207)
US-Rwf,2020-08-15 16:38:38,0.05090335,0.040612347,15.721885681152344,285.11761474609375,POINT (-116.7231 43.1207)
US-Rwf,2020-08-21 19:58:22,0.047180176,0.6055278,7.751342296600342,289.1648254394531,POINT (-116.7231 43.1207)
US-Rwf,2020-08-28 17:39:18,0.0,0.47577092,11.688993453979492,294.68865966796875,POINT (-116.7231 43.1207)
US-Rwf,2020-08-29 16:50:58,0.0,0.26977623,9.01220703125,284.579345703125,POINT (-116.7231 43.1207)
US-Rwf,2020-10-01 22:00:29,0.0,0.2203824,5.917535305023193,255.8625946044922,POINT (-116.7231 43.1207)
US-Rwf,2020-10-04 21:15:32,0.0,0.20129386,6.010858058929443,249.224853515625,POINT (-116.7231 43.1207)
US-Rwf,2020-10-05 20:28:08,0.0,0.06658971,7.640145778656006,253.20101928710938,POINT (-116.7231 43.1207)
US-Rwf,2020-10-09 18:54:48,0.0,0.29421723,8.025193214416504,259.5812683105469,POINT (-116.7231 43.1207)
US-Rwf,2020-10-15 22:14:14,0.0,0.037286494,8.323209762573242,246.53106689453125,POINT (-116.7231 43.1207)
US-Rwf,2020-10-19 20:39:28,0.24194337,0.041888185,10.752547264099121,231.45144653320312,POINT (-116.7231 43.1207)
US-Rwf,2020-10-22 19:53:47,0.0,0.03637573,3.0481693744659424,259.0633544921875,POINT (-116.7231 43.1207)
US-Rwf,2020-10-27 17:31:01,0.0,0.031318866,6.006186485290527,246.86285400390625,POINT (-116.7231 43.1207)
US-Rwf,2021-05-29 23:12:18,0.055297878,0.069838494,8.690367698669434,363.4609375,POINT (-116.7231 43.1207)
US-Rwf,2021-06-02 21:39:32,0.0,0.04285425,11.02784538269043,298.9966735839844,POINT (-116.7231 43.1207)
US-Rwf,2021-06-06 20:06:48,0.0036888146,0.048237443,9.278996467590332,319.0067443847656,POINT (-116.7231 43.1207)
US-xML,2019-11-03 14:16:14,0.0,0.06467903,6.416863441467285,315.3537292480469,POINT (-80.5248 37.3783)
US-xML,2020-04-03 18:47:58,0.0,0.0858224,7.677460670471191,340.1180114746094,POINT (-80.5248 37.3783)
US-xML,2020-10-08 16:34:00,0.0,0.04316687,12.948443412780762,265.6544189453125,POINT (-80.5248 37.3783)
US-xML,2021-06-17 19:37:47,0.0,0.058258235,14.180129051208496,322.834228515625,POINT (-80.5248 37.3783)
US-xML,2021-10-18 19:17:51,0.0,0.043350227,7.977421283721924,298.120849609375,POINT (-80.5248 37.3783)
US-xML,2022-02-10 14:41:44,1.4023438,0.1036661,7.8963470458984375,334.93548583984375,POINT (-80.5248 37.3783)
US-xML,2022-03-28 20:25:38,0.0,0.0828671,4.615856170654297,383.8678283691406,POINT (-80.5248 37.3783)
US-xML,2022-10-05 16:41:52,0.0,0.038551446,18.539701461791992,289.7828369140625,POINT (-80.5248 37.3783)
US-UiB,2019-06-10 17:40:20,0.0,0.09362506,10.168913841247559,335.1991882324219,POINT (-88.1984 40.0628)
US-UiB,2019-06-25 18:14:07,0.0,0.13985178,28.01030921936035,349.01849365234375,POINT (-88.1984 40.0628)
US-UiB,2019-09-04 13:49:41,0.0,0.11668765,13.936013221740723,291.4556884765625,POINT (-88.1984 40.0628)
US-UiB,2020-04-21 19:10:27,0.0,0.089859344,7.199169635772705,351.4872131347656,POINT (-88.1984 40.0628)
US-UiB,2020-06-07 17:48:39,0.0,0.09122702,33.30669021606445,278.2591857910156,POINT (-88.1984 40.0628)
US-UiB,2020-06-15 14:39:18,0.0,0.06812328,6.340262413024902,322.0699462890625,POINT (-88.1984 40.0628)
US-UiB,2020-07-05 13:15:52,0.17211917,0.20823339,35.12745666503906,301.13287353515625,POINT (-88.1984 40.0628)
US-UiB,2020-08-08 17:25:34,0.010055607,0.15071934,34.718894958496094,291.1852722167969,POINT (-88.1984 40.0628)
US-UiB,2020-08-16 14:18:11,0.0019130784,0.062347453,21.001432418823242,295.5997009277344,POINT (-88.1984 40.0628)
US-UiB,2020-08-16 20:47:50,0.0,0.10492609,27.159299850463867,299.50372314453125,POINT (-88.1984 40.0628)
US-UiB,2020-08-24 17:40:35,5.3515625,0.19818747,36.66093444824219,299.6024169921875,POINT (-88.1984 40.0628)
US-UiB,2020-10-06 18:08:12,0.039306648,0.21301286,20.988378524780273,270.19580078125,POINT (-88.1984 40.0628)
PR-xGU,2021-02-05 14:28:58,7.859375,0.0910473,32.7503547668457,243.260009765625,POINT (-66.8687 17.9696)
PR-xGU,2021-10-25 17:06:34,5.9296875,0.08313215,28.802160263061523,272.71636962890625,POINT (-66.8687 17.9696)
PR-xGU,2022-05-30 17:07:50,17.3523,0.15214026,38.69873809814453,295.08197021484375,POINT (-66.8687 17.9696)
US-ARM,2019-07-31 21:23:21,0.0,0.15177329,40.60612487792969,301.9441223144531,POINT (-97.4888 36.6058)
US-ARM,2019-08-28 17:54:00,0.0,0.095339425,24.611047744750977,292.4312744140625,POINT (-97.4888 36.6058)
US-ARM,2020-04-23 19:11:31,0.0,0.10600602,14.904075622558594,350.64727783203125,POINT (-97.4888 36.6058)
US-ARM,2020-06-13 22:44:02,0.18920903,0.094080664,22.048166275024414,294.2938537597656,POINT (-97.4888 36.6058)
US-ARM,2020-06-14 15:24:54,0.0061646095,0.10798732,25.018505096435547,293.4263916015625,POINT (-97.4888 36.6058)
US-ARM,2020-08-14 22:22:01,0.05664066,0.2522652,30.467395782470703,295.9862976074219,POINT (-97.4888 36.6058)
US-ARM,2020-09-03 14:33:45,0.0,0.09903676,25.324392318725586,282.085693359375,POINT (-97.4888 36.6058)
US-ARM,2020-10-01 20:25:40,0.0,0.2015762,13.948785781860352,287.11260986328125,POINT (-97.4888 36.6058)
US-ARM,2020-10-02 19:38:40,0.0,0.19965693,16.299089431762695,297.1568603515625,POINT (-97.4888 36.6058)
US-ARM,2020-10-06 18:05:36,0.0,0.20568864,17.019628524780273,272.69580078125,POINT (-97.4888 36.6058)
US-ARM,2021-03-28 21:34:05,0.0,0.08326646,9.058268547058105,358.7469787597656,POINT (-97.4888 36.6058)
US-ARM,2021-03-31 20:48:26,0.0,0.10094909,5.899568557739258,352.570556640625,POINT (-97.4888 36.6058)
US-ARM,2021-04-01 20:01:13,0.0,0.114287354,7.725911617279053,345.343505859375,POINT (-97.4888 36.6058)
US-ARM,2021-04-08 17:43:22,0.0,0.11564643,10.806291580200195,321.5090637207031,POINT (-97.4888 36.6058)
US-ARM,2021-06-15 14:38:54,0.037231453,0.09710543,24.16483497619629,295.9728698730469,POINT (-97.4888 36.6058)
US-ARM,2021-06-18 20:24:27,0.011291557,0.1143424,26.655563354492188,304.7027893066406,POINT (-97.4888 36.6058)
US-ARM,2021-06-22 18:51:35,0.0,0.09770259,18.1990966796875,310.38262939453125,POINT (-97.4888 36.6058)
US-ARM,2021-08-09 17:05:43,0.010375978,0.45602244,35.72829055786133,300.2486572265625,POINT (-97.4888 36.6058)
US-ARM,2021-08-10 16:18:13,0.23339856,0.19924043,35.0441780090332,299.35162353515625,POINT (-97.4888 36.6058)
US-ARM,2021-10-31 15:28:41,0.0,0.04682368,14.223188400268555,256.40093994140625,POINT (-97.4888 36.6058)
US-ARM,2022-04-14 14:45:37,0.0,0.12205476,6.269662857055664,349.3534851074219,POINT (-97.4888 36.6058)
US-ARM,2022-06-10 16:19:37,0.86411095,0.15431798,43.308128356933594,324.0819091796875,POINT (-97.4888 36.6058)
US-ARM,2022-06-14 14:42:31,0.0,0.1802749,28.154062271118164,310.11212158203125,POINT (-97.4888 36.6058)
US-ARM,2022-06-18 13:06:30,0.16987827,0.20674306,31.592063903808594,300.22930908203125,POINT (-97.4888 36.6058)
US-ARM,2022-08-06 17:46:50,3.1526165,0.24474147,42.277015686035156,297.611572265625,POINT (-97.4888 36.6058)
US-ARM,2022-08-14 14:31:34,0.0,0.10098216,27.159536361694336,303.7304382324219,POINT (-97.4888 36.6058)
US-HB2,2019-12-26 17:14:06,0.08703632,0.07336826,14.928720474243164,252.26205444335938,POINT (-79.244 33.3242)
US-xSL,2021-08-16 21:17:13,0.24316406,0.4463402,20.109691619873047,296.90289306640625,POINT (-103.0293 40.4619)
US-xSL,2021-10-03 19:42:55,0.0,0.052362792,9.115608215332031,271.3365173339844,POINT (-103.0293 40.4619)
US-xSL,2022-04-08 17:58:44,0.0,0.062355705,4.3556294441223145,346.14794921875,POINT (-103.0293 40.4619)
US-xSL,2022-08-09 16:57:40,7.250497,0.103196025,24.61094093322754,296.39208984375,POINT (-103.0293 40.4619)
US-xAE,2019-06-21 13:23:18,0.0,0.12115425,21.656435012817383,323.4508056640625,POINT (-99.0588 35.4106)
US-xAE,2019-07-31 21:22:29,0.0,0.12943442,33.48112487792969,297.9441223144531,POINT (-99.0588 35.4106)
US-xAE,2019-09-01 16:15:45,20.03125,0.2190477,33.4739875793457,290.35455322265625,POINT (-99.0588 35.4106)
US-xAE,2020-02-01 20:28:06,0.0,0.028600162,13.665990829467773,321.59344482421875,POINT (-99.0588 35.4106)
US-xAE,2020-04-04 19:33:42,1.9316406,0.12634113,13.550690650939941,331.4290466308594,POINT (-99.0588 35.4106)
US-xAE,2020-04-08 18:02:02,0.0,0.096490964,8.213035583496094,303.94384765625,POINT (-99.0588 35.4106)
US-xAE,2020-08-25 18:29:03,0.0,0.072355635,17.24824333190918,288.0829162597656,POINT (-99.0588 35.4106)
US-xAE,2021-03-27 22:20:31,0.0,0.107887216,12.309829711914062,340.4739990234375,POINT (-99.0588 35.4106)
US-xAE,2021-03-28 21:33:13,0.0,0.077895366,7.269206523895264,350.7469787597656,POINT (-99.0588 35.4106)
US-xAE,2021-03-31 20:47:34,0.0,0.101193234,5.321443557739258,337.070556640625,POINT (-99.0588 35.4106)
US-xAE,2021-04-01 20:00:21,0.0,0.09036157,7.085286617279053,331.499755859375,POINT (-99.0588 35.4106)
US-xAE,2021-08-24 18:15:26,0.0019494212,0.07317214,27.410627365112305,295.98162841796875,POINT (-99.0588 35.4106)
US-xAE,2021-10-05 18:08:08,0.0,0.08785793,15.879480361938477,276.46087646484375,POINT (-99.0588 35.4106)
US-xAE,2021-10-09 16:34:35,0.00015807252,0.092500426,21.085412979125977,253.95249938964844,POINT (-99.0588 35.4106)
US-xAE,2021-10-19 20:04:23,0.0,0.06986843,25.401962280273438,295.5272521972656,POINT (-99.0588 35.4106)
US-xAE,2021-11-29 20:38:31,0.0,0.022416085,10.506768226623535,267.0662841796875,POINT (-99.0588 35.4106)
US-xAE,2021-12-11 16:01:12,0.0,0.028856335,3.4998979568481445,310.37603759765625,POINT (-99.0588 35.4106)
US-xAE,2022-03-25 22:45:31,0.0,0.12443304,14.073783874511719,310.5643615722656,POINT (-99.0588 35.4106)
US-xAE,2022-04-12 22:53:09,0.0,0.09571213,8.819774627685547,330.54022216796875,POINT (-99.0588 35.4106)
US-xAE,2022-04-14 14:45:37,0.0,0.09063007,6.742820739746094,332.7784729003906,POINT (-99.0588 35.4106)
US-xAE,2022-04-20 19:38:47,0.0,0.14024475,14.469106674194336,309.2738037109375,POINT (-99.0588 35.4106)
