name = "agent_argentum"
version = 1

[default.greedy]
own_life = 0.8254532217979431
enemy_life_damage = 2.2053329944610596
own_creature_attack = 1.750560998916626
own_creature_health = 1.8453119993209839
enemy_creature_attack = -1.3002718687057495
enemy_creature_health = -1.3153929710388184
creature_count = 3.527892589569092
board_advantage = 2.042630434036255
cards_in_hand = 1.8071650266647339
action_points = 0.7586283087730408
keyword_guard = 2.783518075942993
keyword_lethal = 4.1004252433776855
keyword_lifesteal = 3.4498965740203857
keyword_rush = 2.1605284214019775
keyword_ranged = 2.315488338470459
keyword_piercing = 1.3274564743041992
keyword_shield = 4.644554138183594
keyword_quick = 0.3733283579349518
keyword_ephemeral = -2.123389959335327
keyword_regenerate = 3.1485862731933594
keyword_stealth = 2.896475315093994
keyword_charge = 2.0252599716186523
keyword_frenzy = 4.058980941772461
keyword_volatile = 2.1357545852661133
keyword_fortify = 3.6940388679504395
keyword_ward = 2.0714948177337646
win_bonus = 999.9532470703125
lose_penalty = -1001.678955078125

[deck_specific]
