name = "agent_obsidion"
version = 1

[default.greedy]
own_life = 0.12045835703611374
enemy_life_damage = 2.7329788208007813
own_creature_attack = 1.0232399702072144
own_creature_health = 0.21037322282791138
enemy_creature_attack = -1.505506157875061
enemy_creature_health = -1.2548854351043701
creature_count = 3.5278635025024414
board_advantage = 0.820166289806366
cards_in_hand = 1.313000202178955
action_points = -0.03993716463446617
keyword_guard = 3.911494016647339
keyword_lethal = 3.7206528186798096
keyword_lifesteal = 2.6596615314483643
keyword_rush = 1.0774917602539063
keyword_ranged = 2.0462331771850586
keyword_piercing = 1.8312127590179443
keyword_shield = 4.2116827964782715
keyword_quick = 1.8908272981643677
keyword_ephemeral = -3.007669448852539
keyword_regenerate = 4.484185218811035
keyword_stealth = 3.830901861190796
keyword_charge = 1.6081876754760742
keyword_frenzy = 1.9519718885421753
keyword_volatile = 4.367817401885986
keyword_fortify = 4.126213550567627
keyword_ward = 3.1927146911621094
win_bonus = 1000.1024780273438
lose_penalty = -1000.190185546875

[deck_specific]
