name = "agent_symbiote"
version = 1

[default.greedy]
own_life = 1.4885883331298828
enemy_life_damage = 1.9800680875778198
own_creature_attack = 0.9752147793769836
own_creature_health = 0.6575134992599487
enemy_creature_attack = -0.933252215385437
enemy_creature_health = -1.1718076467514038
creature_count = 3.4023220539093018
board_advantage = 1.56125009059906
cards_in_hand = 0.37073230743408203
action_points = 0.26014333963394165
keyword_guard = 3.1245276927948
keyword_lethal = 3.370816230773926
keyword_lifesteal = 3.231707811355591
keyword_rush = 2.1427602767944336
keyword_ranged = 1.904371976852417
keyword_piercing = 1.5470246076583862
keyword_shield = 3.746985912322998
keyword_quick = 1.1307021379470825
keyword_ephemeral = -2.3225200176239014
keyword_regenerate = 3.4019715785980225
keyword_stealth = 3.050753355026245
keyword_charge = 1.3849427700042725
keyword_frenzy = 2.2162411212921143
keyword_volatile = 2.821674108505249
keyword_fortify = 2.78019380569458
keyword_ward = 2.813427686691284
win_bonus = 999.9298706054688
lose_penalty = -1000.186767578125

[deck_specific]
